4 0.388671875 0.373046875 0.0654296875 0.0771484375
4 0.8388671875 0.376953125 0.083984375 0.091796875
4 0.4765625 0.3876953125 0.078125 0.0849609375
4 0.662109375 0.3916015625 0.087890625 0.099609375
4 0.951171875 0.3896484375 0.072265625 0.087890625
4 0.5498046875 0.400390625 0.0810546875 0.087890625
4 0.134765625 0.4765625 0.0751953125 0.099609375
4 0.6767578125 0.4892578125 0.0966796875 0.087890625
4 0.4716796875 0.501953125 0.0810546875 0.1064453125
4 0.3232421875 0.5078125 0.0966796875 0.095703125
4 0.5498046875 0.5087890625 0.099609375 0.1142578125
4 0.2392578125 0.525390625 0.078125 0.087890625
4 0.669921875 0.59375 0.0966796875 0.12109375
4 0.908203125 0.6044921875 0.103515625 0.150390625
4 0.7919921875 0.6103515625 0.0908203125 0.1171875
4 0.541015625 0.626953125 0.087890625 0.1142578125
4 0.294921875 0.6328125 0.103515625 0.1171875
4 0.1689453125 0.6396484375 0.087890625 0.1025390625
4 0.46875 0.6875 0.1064453125 0.1103515625
4 0.0986328125 0.69140625 0.0966796875 0.1025390625
4 0.7158203125 0.7333984375 0.099609375 0.1142578125
4 0.296875 0.8251953125 0.09375 0.12109375
4 0.560546875 0.83984375 0.0966796875 0.1064453125
4 0.1357421875 0.8603515625 0.115234375 0.125
4 0.474609375 0.8603515625 0.087890625 0.125
4 0.96875 0.876953125 0.0625 0.12890625
4 0.84375 0.8857421875 0.125 0.1689453125
4 0.7451171875 0.93359375 0.083984375 0.125
4 0.197265625 0.1748046875 0.068359375 0.0771484375
4 0.9169921875 0.193359375 0.052734375 0.0703125
4 0.107421875 0.2099609375 0.078125 0.0810546875
4 0.6298828125 0.224609375 0.078125 0.087890625
4 0.4609375 0.2294921875 0.0908203125 0.091796875
4 0.724609375 0.2314453125 0.087890625 0.095703125
4 0.1904296875 0.2666015625 0.0810546875 0.0771484375
4 0.2919921875 0.2705078125 0.083984375 0.0703125
4 0.568359375 0.2734375 0.0810546875 0.0771484375
4 0.7470703125 0.345703125 0.0751953125 0.095703125
4 0.1767578125 0.349609375 0.078125 0.087890625
4 0.2783203125 0.3662109375 0.087890625 0.091796875