4 0.947265625 0.4990234375 0.10546875 0.177734375
4 0.4248046875 0.048828125 0.048828125 0.09765625
4 0.4541015625 0.5244140625 0.109375 0.248046875
4 0.203125 0.529296875 0.0859375 0.1953125
4 0.619140625 0.5732421875 0.125 0.28515625
4 0.365234375 0.646484375 0.07421875 0.150390625
4 0.4931640625 0.7177734375 0.103515625 0.224609375
4 0.9013671875 0.76171875 0.11328125 0.201171875
4 0.7421875 0.7607421875 0.158203125 0.31640625
4 0.6396484375 0.7880859375 0.109375 0.255859375
4 0.0810546875 0.7412109375 0.162109375 0.365234375
4 0.93359375 0.8857421875 0.08984375 0.228515625
4 0.3505859375 0.853515625 0.08203125 0.162109375
4 0.2177734375 0.064453125 0.04296875 0.095703125
4 0.845703125 0.9111328125 0.125 0.177734375
4 0.591796875 0.921875 0.109375 0.15625
4 0.5859375 0.1142578125 0.06640625 0.1328125
4 0.5 0.111328125 0.06640625 0.140625
4 0.7841796875 0.1787109375 0.056640625 0.13671875
4 0.1044921875 0.1455078125 0.056640625 0.1328125
4 0.7158203125 0.205078125 0.0625 0.09765625
4 0.9248046875 0.255859375 0.08203125 0.169921875
4 0.4609375 0.23828125 0.06640625 0.140625
4 0.05859375 0.2919921875 0.078125 0.109375
4 0.3212890625 0.3359375 0.115234375 0.228515625
4 0.5283203125 0.3544921875 0.068359375 0.11328125
4 0.18359375 0.3369140625 0.072265625 0.130859375
4 0.865234375 0.41796875 0.06640625 0.125
4 0.7275390625 0.4208984375 0.11328125 0.25390625