4 0.3779296875 0.3828125 0.072265625 0.08203125
4 0.8271484375 0.34765625 0.091796875 0.099609375
4 0.466796875 0.390625 0.0859375 0.091796875
4 0.65234375 0.3779296875 0.095703125 0.107421875
4 0.939453125 0.3505859375 0.080078125 0.09375
4 0.541015625 0.396484375 0.087890625 0.09375
4 0.1337890625 0.5087890625 0.083984375 0.10546875
4 0.6748046875 0.4736328125 0.103515625 0.095703125
4 0.4716796875 0.5048828125 0.08984375 0.11328125
4 0.32421875 0.5234375 0.10546875 0.103515625
4 0.55078125 0.5048828125 0.109375 0.123046875
4 0.2421875 0.5478515625 0.0859375 0.09375
4 0.677734375 0.578125 0.107421875 0.12890625
4 0.916015625 0.568359375 0.1171875 0.158203125
4 0.80078125 0.5849609375 0.1015625 0.125
4 0.5517578125 0.623046875 0.09765625 0.12109375
4 0.3076171875 0.650390625 0.11328125 0.125
4 0.1826171875 0.66796875 0.095703125 0.109375
4 0.4853515625 0.689453125 0.115234375 0.119140625
4 0.1171875 0.7255859375 0.10546875 0.111328125
4 0.7353515625 0.7138671875 0.109375 0.123046875
4 0.326171875 0.841796875 0.103515625 0.12890625
4 0.58984375 0.8330078125 0.10546875 0.115234375
4 0.1689453125 0.890625 0.125 0.134765625
4 0.505859375 0.861328125 0.09765625 0.1328125
4 0.9814453125 0.8349609375 0.037109375 0.134765625
4 0.8759765625 0.8544921875 0.138671875 0.1796875
4 0.7822265625 0.91015625 0.09375 0.1328125
4 0.169921875 0.2021484375 0.07421875 0.08203125
4 0.888671875 0.158203125 0.05859375 0.07421875
4 0.083984375 0.2451171875 0.083984375 0.087890625
4 0.60546875 0.2138671875 0.0859375 0.09375
4 0.4375 0.234375 0.09765625 0.099609375
4 0.7001953125 0.212890625 0.095703125 0.103515625
4 0.1708984375 0.294921875 0.087890625 0.083984375
4 0.2724609375 0.2890625 0.08984375 0.078125
4 0.548828125 0.2685546875 0.087890625 0.083984375
4 0.732421875 0.3251953125 0.083984375 0.1015625
4 0.1650390625 0.3779296875 0.0859375 0.09375
4 0.267578125 0.3857421875 0.095703125 0.099609375