4 0.9501953125 0.4599609375 0.099609375 0.1689453125
4 0.3857421875 0.0546875 0.0400390625 0.1005859375
4 0.4560546875 0.5283203125 0.087890625 0.2421875
4 0.20703125 0.5546875 0.0703125 0.189453125
4 0.625 0.5625 0.1015625 0.2783203125
4 0.37890625 0.6572265625 0.0615234375 0.1455078125
4 0.51171875 0.7177734375 0.083984375 0.2177734375
4 0.9228515625 0.7255859375 0.09765625 0.193359375
4 0.763671875 0.73828125 0.1318359375 0.306640625
4 0.6640625 0.7744140625 0.087890625 0.25
4 0.1025390625 0.7783203125 0.1337890625 0.3544921875
4 0.966796875 0.865234375 0.06640625 0.26171875
4 0.3818359375 0.865234375 0.068359375 0.1572265625
4 0.1806640625 0.0908203125 0.0341796875 0.0927734375
4 0.8818359375 0.8916015625 0.1083984375 0.193359375
4 0.6298828125 0.9189453125 0.095703125 0.1611328125
4 0.5517578125 0.1083984375 0.0556640625 0.12890625
4 0.4658203125 0.11328125 0.0556640625 0.13671875
4 0.7548828125 0.1552734375 0.0458984375 0.1328125
4 0.0751953125 0.181640625 0.0458984375 0.12890625
4 0.689453125 0.1875 0.0537109375 0.0927734375
4 0.90234375 0.2197265625 0.068359375 0.1650390625
4 0.4384765625 0.2421875 0.0556640625 0.13671875
4 0.0419921875 0.3310546875 0.068359375 0.1044921875
4 0.3076171875 0.3525390625 0.095703125 0.2216796875
4 0.515625 0.3525390625 0.0595703125 0.1083984375
4 0.1708984375 0.365234375 0.0615234375 0.125
4 0.8564453125 0.38671875 0.0556640625 0.12109375
4 0.7197265625 0.4013671875 0.091796875 0.24609375