4 0.4052734375 0.3603515625 0.07421875 0.083984375
4 0.8515625 0.4189453125 0.09375 0.1015625
4 0.490234375 0.3857421875 0.087890625 0.09375
4 0.673828125 0.412109375 0.099609375 0.109375
4 0.9599609375 0.4443359375 0.080078125 0.095703125
4 0.5615234375 0.4072265625 0.091796875 0.09765625
4 0.140625 0.4326171875 0.0859375 0.107421875
4 0.6767578125 0.5107421875 0.107421875 0.099609375
4 0.4716796875 0.498046875 0.09375 0.115234375
4 0.3232421875 0.486328125 0.107421875 0.107421875
4 0.548828125 0.5146484375 0.11328125 0.125
4 0.23828125 0.4931640625 0.087890625 0.09765625
4 0.6572265625 0.61328125 0.111328125 0.1328125
4 0.892578125 0.6533203125 0.12109375 0.162109375
4 0.7763671875 0.6455078125 0.103515625 0.126953125
4 0.525390625 0.630859375 0.1015625 0.125
4 0.2802734375 0.6064453125 0.1171875 0.12890625
4 0.154296875 0.5986328125 0.099609375 0.11328125
4 0.4462890625 0.6826171875 0.119140625 0.123046875
4 0.078125 0.640625 0.109375 0.11328125
4 0.685546875 0.7578125 0.11328125 0.125
4 0.2587890625 0.7978515625 0.107421875 0.130859375
4 0.5185546875 0.8447265625 0.109375 0.1171875
4 0.0947265625 0.8134765625 0.12890625 0.138671875
4 0.4306640625 0.8544921875 0.1015625 0.134765625
4 0.9189453125 0.931640625 0.078125 0.134765625
4 0.79296875 0.916015625 0.14453125 0.16796875
4 0.689453125 0.9462890625 0.09765625 0.107421875
4 0.2392578125 0.140625 0.078125 0.083984375
4 0.951171875 0.24609375 0.060546875 0.076171875
4 0.1455078125 0.1640625 0.087890625 0.08984375
4 0.662109375 0.2421875 0.087890625 0.09765625
4 0.494140625 0.2265625 0.1015625 0.1015625
4 0.755859375 0.2607421875 0.099609375 0.10546875
4 0.220703125 0.23046875 0.08984375 0.0859375
4 0.3212890625 0.2470703125 0.091796875 0.080078125
4 0.595703125 0.283203125 0.08984375 0.0859375
4 0.763671875 0.376953125 0.0859375 0.103515625
4 0.197265625 0.3115234375 0.087890625 0.09765625
4 0.2958984375 0.33984375 0.09765625 0.1015625