4 0.943359375 0.5390625 0.11328125 0.18359375
4 0.4638671875 0.046875 0.056640625 0.09375
4 0.4521484375 0.5205078125 0.12890625 0.25390625
4 0.2021484375 0.5029296875 0.1015625 0.19921875
4 0.6123046875 0.5830078125 0.1484375 0.291015625
4 0.353515625 0.6337890625 0.0859375 0.154296875
4 0.4736328125 0.716796875 0.12109375 0.228515625
4 0.876953125 0.7958984375 0.12890625 0.20703125
4 0.71875 0.7802734375 0.18359375 0.32421875
4 0.6142578125 0.798828125 0.130859375 0.26171875
4 0.078125 0.7041015625 0.15625 0.373046875
4 0.8955078125 0.90234375 0.111328125 0.1953125
4 0.3203125 0.8388671875 0.09375 0.166015625
4 0.2568359375 0.044921875 0.048828125 0.08984375
4 0.806640625 0.923828125 0.140625 0.15234375
4 0.5537109375 0.923828125 0.123046875 0.15234375
4 0.619140625 0.123046875 0.078125 0.13671875
4 0.533203125 0.11328125 0.078125 0.14453125
4 0.810546875 0.205078125 0.068359375 0.138671875
4 0.13671875 0.1123046875 0.068359375 0.134765625
4 0.7412109375 0.2255859375 0.068359375 0.1015625
4 0.9453125 0.2939453125 0.095703125 0.173828125
4 0.484375 0.2353515625 0.078125 0.14453125
4 0.078125 0.25390625 0.0859375 0.115234375
4 0.3359375 0.3212890625 0.1328125 0.234375
4 0.541015625 0.357421875 0.078125 0.1171875
4 0.19921875 0.310546875 0.08203125 0.1328125
4 0.87109375 0.4501953125 0.076171875 0.12890625
4 0.7333984375 0.44140625 0.1328125 0.2578125