4 0.677734375 0.328125 0.11328125 0.171875
4 0.42578125 0.3486328125 0.125 0.16015625
4 0.5966796875 0.3701171875 0.140625 0.1796875
4 0.3857421875 0.4326171875 0.142578125 0.19140625
4 0.962890625 0.42578125 0.07421875 0.17578125
4 0.1572265625 0.490234375 0.138671875 0.19140625
4 0.4375 0.548828125 0.169921875 0.244140625
4 0.263671875 0.5830078125 0.146484375 0.19921875
4 0.7470703125 0.591796875 0.18359375 0.236328125
4 0.169921875 0.6748046875 0.1484375 0.140625
4 0.884765625 0.626953125 0.173828125 0.25390625
4 0.4296875 0.8310546875 0.26953125 0.337890625
4 0.1357421875 0.8564453125 0.193359375 0.287109375
4 0.70703125 0.8466796875 0.32421875 0.30078125
4 0.37109375 0.1201171875 0.09765625 0.12890625
4 0.5712890625 0.13671875 0.09375 0.12890625
4 0.7353515625 0.18359375 0.111328125 0.15625
4 0.9453125 0.1884765625 0.076171875 0.12109375
4 0.3037109375 0.248046875 0.107421875 0.16015625
4 0.171875 0.2646484375 0.125 0.16015625
4 0.8125 0.2314453125 0.095703125 0.1171875