4 0.689453125 0.3408203125 0.1015625 0.1650390625
4 0.4365234375 0.34375 0.1142578125 0.1533203125
4 0.60546875 0.376953125 0.1298828125 0.1708984375
4 0.390625 0.4248046875 0.1298828125 0.18359375
4 0.9677734375 0.4580078125 0.064453125 0.1708984375
4 0.1591796875 0.466796875 0.1259765625 0.18359375
4 0.4345703125 0.5439453125 0.154296875 0.234375
4 0.2587890625 0.56640625 0.1337890625 0.189453125
4 0.740234375 0.6083984375 0.16796875 0.2255859375
4 0.158203125 0.6513671875 0.1396484375 0.1318359375
4 0.875 0.6533203125 0.158203125 0.2431640625
4 0.4072265625 0.83203125 0.24609375 0.3359375
4 0.1103515625 0.8466796875 0.171875 0.306640625
4 0.6826171875 0.8603515625 0.3056640625 0.279296875
4 0.3974609375 0.1123046875 0.08984375 0.123046875
4 0.5966796875 0.142578125 0.0859375 0.123046875
4 0.7568359375 0.201171875 0.1015625 0.150390625
4 0.9658203125 0.220703125 0.068359375 0.1171875
4 0.3212890625 0.2353515625 0.09765625 0.1533203125
4 0.189453125 0.2421875 0.1142578125 0.1533203125
4 0.830078125 0.25390625 0.087890625 0.111328125