3 0.841796875 0.4423828125 0.03515625 0.041015625
3 0.90234375 0.4677734375 0.03125 0.044921875
3 0.4482421875 0.384765625 0.02734375 0.04296875
3 0.3916015625 0.38671875 0.048828125 0.06640625
3 0.1240234375 0.3388671875 0.04296875 0.0546875
3 0.9423828125 0.5146484375 0.03515625 0.044921875
3 0.1875 0.376953125 0.048828125 0.05859375
3 0.7265625 0.5107421875 0.04296875 0.060546875
3 0.7666015625 0.5283203125 0.044921875 0.060546875
3 0.0634765625 0.3818359375 0.0546875 0.07421875
3 0.205078125 0.41796875 0.05859375 0.0859375