3 0.177734375 0.373046875 0.0283203125 0.0361328125
3 0.11328125 0.384765625 0.0224609375 0.0419921875
3 0.57421875 0.3984375 0.01953125 0.0390625
3 0.6298828125 0.412109375 0.0361328125 0.060546875
3 0.9013671875 0.4208984375 0.0341796875 0.048828125
3 0.064453125 0.4228515625 0.0283203125 0.0390625
3 0.8310546875 0.4443359375 0.0380859375 0.0517578125
3 0.2763671875 0.4638671875 0.0322265625 0.0546875
3 0.2333984375 0.47265625 0.0341796875 0.0546875
3 0.951171875 0.4755859375 0.0419921875 0.06640625
3 0.8056640625 0.4814453125 0.0439453125 0.0791015625