3 0.83984375 0.4306640625 0.033203125 0.041015625
3 0.900390625 0.4541015625 0.029296875 0.044921875
3 0.4443359375 0.38671875 0.025390625 0.041015625
3 0.3876953125 0.390625 0.046875 0.06640625
3 0.1181640625 0.3525390625 0.04296875 0.0546875
3 0.9423828125 0.5 0.03515625 0.04296875
3 0.18359375 0.3876953125 0.046875 0.056640625
3 0.7265625 0.5029296875 0.041015625 0.05859375
3 0.767578125 0.51953125 0.04296875 0.060546875
3 0.0595703125 0.3974609375 0.052734375 0.072265625
3 0.2021484375 0.4287109375 0.056640625 0.0859375