1 0.4873046875 0.71875 0.05859375 0.0576171875
1 0.337890625 0.73046875 0.05859375 0.080078125
1 0.53515625 0.767578125 0.0537109375 0.06640625
1 0.6455078125 0.78515625 0.0498046875 0.06640625
1 0.5400390625 0.0888671875 0.0537109375 0.0615234375
1 0.7587890625 0.9228515625 0.0498046875 0.06640625
1 0.185546875 0.30078125 0.0625 0.0703125
1 0.6748046875 0.333984375 0.05859375 0.06640625
1 0.1044921875 0.384765625 0.0498046875 0.0703125
1 0.2294921875 0.38671875 0.06640625 0.06640625
1 0.1689453125 0.3984375 0.0625 0.0703125