1 0.453125 0.7138671875 0.06640625 0.06640625
1 0.3037109375 0.7021484375 0.0703125 0.087890625
1 0.4931640625 0.76953125 0.0625 0.07421875
1 0.5986328125 0.8046875 0.060546875 0.07421875
1 0.603515625 0.1005859375 0.0625 0.068359375
1 0.689453125 0.9580078125 0.060546875 0.07421875
1 0.220703125 0.25390625 0.072265625 0.080078125
1 0.6982421875 0.36328125 0.068359375 0.07421875
1 0.126953125 0.32421875 0.060546875 0.078125
1 0.2509765625 0.345703125 0.076171875 0.076171875
1 0.1884765625 0.34765625 0.072265625 0.080078125