1 0.4990234375 0.71875 0.0625 0.060546875
1 0.3505859375 0.73828125 0.0625 0.083984375
1 0.548828125 0.765625 0.056640625 0.068359375
1 0.66015625 0.77734375 0.052734375 0.068359375
1 0.5185546875 0.0869140625 0.056640625 0.064453125
1 0.7802734375 0.9091796875 0.052734375 0.068359375
1 0.17578125 0.3173828125 0.06640625 0.07421875
1 0.666015625 0.3251953125 0.0625 0.0703125
1 0.0986328125 0.4052734375 0.052734375 0.072265625
1 0.2236328125 0.4013671875 0.0703125 0.0703125
1 0.1640625 0.416015625 0.06640625 0.07421875