0 0.9609375 0.0439453125 0.0341796875 0.0458984375
0 0.337890625 0.4169921875 0.0498046875 0.06640625
0 0.466796875 0.439453125 0.0341796875 0.0458984375
0 0.310546875 0.5166015625 0.041015625 0.0498046875
0 0.5830078125 0.5185546875 0.041015625 0.0625
0 0.611328125 0.55859375 0.0283203125 0.0419921875
0 0.7236328125 0.5810546875 0.046875 0.0625
0 0.791015625 0.59765625 0.0439453125 0.0625
0 0.556640625 0.6416015625 0.037109375 0.0419921875
0 0.1669921875 0.658203125 0.041015625 0.05859375
0 0.775390625 0.6689453125 0.056640625 0.0625
0 0.275390625 0.7041015625 0.03125 0.0498046875
0 0.2451171875 0.1357421875 0.046875 0.0625
0 0.6484375 0.2099609375 0.041015625 0.0537109375
0 0.3466796875 0.22265625 0.0439453125 0.0625
0 0.5625 0.2314453125 0.0439453125 0.0537109375
0 0.763671875 0.2412109375 0.052734375 0.06640625
0 0.416015625 0.2666015625 0.03125 0.0498046875
0 0.5498046875 0.2900390625 0.0498046875 0.0537109375
0 0.419921875 0.3837890625 0.041015625 0.05859375
0 0.166015625 0.408203125 0.0439453125 0.05859375