0 0.6376953125 0.3798828125 0.064453125 0.076171875
0 0.517578125 0.43359375 0.044921875 0.052734375
0 0.6875 0.470703125 0.052734375 0.05859375
0 0.423828125 0.5380859375 0.0546875 0.0703125
0 0.40625 0.583984375 0.037109375 0.046875
0 0.302734375 0.6328125 0.060546875 0.072265625
0 0.2412109375 0.6650390625 0.05859375 0.0703125
0 0.4794921875 0.6513671875 0.046875 0.048828125
0 0.861328125 0.5732421875 0.0546875 0.06640625
0 0.2734375 0.73046875 0.0703125 0.07421875
0 0.767578125 0.6435546875 0.04296875 0.056640625
0 0.6591796875 0.0849609375 0.060546875 0.072265625
0 0.2861328125 0.2548828125 0.052734375 0.0625
0 0.58203125 0.193359375 0.05859375 0.0703125
0 0.3740234375 0.2548828125 0.0546875 0.0625
0 0.181640625 0.3125 0.06640625 0.078125
0 0.525390625 0.2529296875 0.04296875 0.056640625
0 0.4013671875 0.30859375 0.060546875 0.064453125
0 0.5498046875 0.3681640625 0.0546875 0.06640625
0 0.8017578125 0.330078125 0.056640625 0.068359375