0 0.3505859375 0.3955078125 0.05859375 0.072265625
0 0.4755859375 0.435546875 0.041015625 0.05078125
0 0.310546875 0.490234375 0.046875 0.0546875
0 0.580078125 0.5302734375 0.048828125 0.068359375
0 0.6025390625 0.5732421875 0.033203125 0.044921875
0 0.7099609375 0.611328125 0.0546875 0.068359375
0 0.7744140625 0.6376953125 0.052734375 0.068359375
0 0.5361328125 0.6484375 0.04296875 0.046875
0 0.1484375 0.6103515625 0.048828125 0.064453125
0 0.7490234375 0.7060546875 0.064453125 0.0703125
0 0.2490234375 0.6708984375 0.037109375 0.052734375
0 0.2978515625 0.103515625 0.0546875 0.068359375
0 0.6875 0.2333984375 0.048828125 0.05859375
0 0.38671875 0.2041015625 0.052734375 0.068359375
0 0.599609375 0.2431640625 0.05078125 0.05859375
0 0.796875 0.2802734375 0.060546875 0.072265625
0 0.44921875 0.2568359375 0.037109375 0.052734375
0 0.578125 0.298828125 0.056640625 0.060546875
0 0.4365234375 0.3740234375 0.048828125 0.064453125
0 0.181640625 0.3623046875 0.05078125 0.064453125