4 0.3203125 0.326171875 0.080078125 0.1767578125
4 0.4765625 0.4208984375 0.09765625 0.2041015625
4 0.705078125 0.48046875 0.08203125 0.1982421875
4 0.8203125 0.5107421875 0.087890625 0.1982421875
4 0.57421875 0.609375 0.103515625 0.2041015625
4 0.2255859375 0.6201171875 0.087890625 0.212890625
4 0.9287109375 0.6220703125 0.0859375 0.2041015625
4 0.5322265625 0.8037109375 0.1201171875 0.2255859375
4 0.4130859375 0.857421875 0.1259765625 0.2314453125
4 0.2822265625 0.900390625 0.111328125 0.19921875
4 0.7568359375 0.095703125 0.0703125 0.150390625
4 0.2587890625 0.111328125 0.07421875 0.162109375
4 0.078125 0.12890625 0.076171875 0.1806640625
4 0.3447265625 0.1474609375 0.0703125 0.162109375