4 0.7119140625 0.3671875 0.115234375 0.189453125
4 0.5390625 0.427734375 0.138671875 0.220703125
4 0.3037109375 0.4384765625 0.12109375 0.2109375
4 0.1845703125 0.4443359375 0.126953125 0.212890625
4 0.404296875 0.591796875 0.14453125 0.220703125
4 0.7431640625 0.6748046875 0.130859375 0.2265625
4 0.0595703125 0.5302734375 0.119140625 0.216796875
4 0.4052734375 0.7900390625 0.1640625 0.24609375
4 0.5107421875 0.8681640625 0.171875 0.251953125
4 0.6298828125 0.9130859375 0.150390625 0.173828125
4 0.3330078125 0.0654296875 0.099609375 0.130859375
4 0.81640625 0.169921875 0.10546875 0.173828125
4 0.966796875 0.2236328125 0.06640625 0.193359375
4 0.7255859375 0.1875 0.1015625 0.173828125