4 0.181640625 0.408203125 0.21875 0.287109375
4 0.458984375 0.47265625 0.15234375 0.19921875
4 0.2841796875 0.53515625 0.12890625 0.17578125
4 0.4873046875 0.5947265625 0.12109375 0.154296875
4 0.857421875 0.724609375 0.138671875 0.177734375
4 0.7060546875 0.73046875 0.1328125 0.17578125
4 0.51953125 0.71484375 0.1015625 0.123046875
4 0.0576171875 0.658203125 0.115234375 0.2265625
4 0.453125 0.7470703125 0.07421875 0.0859375
4 0.169921875 0.7177734375 0.095703125 0.109375
4 0.5595703125 0.7880859375 0.0859375 0.1171875
4 0.8076171875 0.8466796875 0.08203125 0.1015625
4 0.3310546875 0.787109375 0.083984375 0.1171875
4 0.400390625 0.798828125 0.07421875 0.10546875
4 0.63671875 0.927734375 0.099609375 0.13671875