4 0.828125 0.453125 0.18359375 0.2646484375
4 0.5439453125 0.478515625 0.1279296875 0.18359375
4 0.708984375 0.564453125 0.1064453125 0.162109375
4 0.4990234375 0.595703125 0.1015625 0.1416015625
4 0.115234375 0.6728515625 0.1181640625 0.162109375
4 0.263671875 0.69921875 0.1123046875 0.162109375
4 0.451171875 0.7099609375 0.0859375 0.111328125
4 0.935546875 0.720703125 0.1279296875 0.2099609375
4 0.51171875 0.7509765625 0.064453125 0.078125
4 0.796875 0.76171875 0.08203125 0.0986328125
4 0.400390625 0.77734375 0.072265625 0.1083984375
4 0.1474609375 0.80078125 0.0703125 0.0927734375
4 0.626953125 0.8076171875 0.0703125 0.1083984375
4 0.556640625 0.8095703125 0.0615234375 0.0986328125
4 0.3046875 0.904296875 0.08203125 0.1259765625