4 0.82421875 0.4306640625 0.201171875 0.27734375
4 0.5419921875 0.4755859375 0.140625 0.19140625
4 0.712890625 0.5498046875 0.1171875 0.169921875
4 0.505859375 0.595703125 0.111328125 0.1484375
4 0.1279296875 0.69921875 0.12890625 0.169921875
4 0.2783203125 0.71484375 0.123046875 0.169921875
4 0.4658203125 0.712890625 0.09375 0.1171875
4 0.939453125 0.689453125 0.12109375 0.21875
4 0.529296875 0.75 0.0703125 0.08203125
4 0.814453125 0.740234375 0.087890625 0.103515625
4 0.419921875 0.783203125 0.080078125 0.11328125
4 0.1689453125 0.82421875 0.076171875 0.09765625
4 0.6484375 0.7978515625 0.078125 0.11328125
4 0.578125 0.8046875 0.068359375 0.103515625
4 0.3330078125 0.9169921875 0.08984375 0.130859375