1 0.0546875 0.5048828125 0.0595703125 0.0888671875
1 0.3154296875 0.568359375 0.0810546875 0.103515625
1 0.9296875 0.755859375 0.140625 0.197265625
1 0.2685546875 0.23046875 0.0498046875 0.0654296875
1 0.8642578125 0.2373046875 0.0595703125 0.080078125
1 0.361328125 0.2958984375 0.052734375 0.0751953125
1 0.732421875 0.3076171875 0.078125 0.080078125
1 0.552734375 0.3095703125 0.056640625 0.0654296875
1 0.255859375 0.3193359375 0.0439453125 0.0751953125
1 0.8310546875 0.3408203125 0.0498046875 0.0703125
1 0.662109375 0.373046875 0.068359375 0.0888671875
1 0.439453125 0.3759765625 0.052734375 0.0751953125
1 0.357421875 0.3798828125 0.052734375 0.0751953125
1 0.109375 0.396484375 0.0498046875 0.060546875
1 0.1875 0.40625 0.0498046875 0.0703125
1 0.373046875 0.431640625 0.052734375 0.0654296875
1 0.1435546875 0.443359375 0.056640625 0.080078125
1 0.5595703125 0.4580078125 0.068359375 0.080078125
1 0.095703125 0.4697265625 0.052734375 0.0751953125