1 0.0625 0.58203125 0.07421875 0.09765625
1 0.330078125 0.599609375 0.09765625 0.115234375
1 0.9404296875 0.677734375 0.119140625 0.21875
1 0.2255859375 0.2744140625 0.060546875 0.072265625
1 0.8134765625 0.177734375 0.072265625 0.08984375
1 0.328125 0.3232421875 0.064453125 0.083984375
1 0.6953125 0.2705078125 0.091796875 0.091796875
1 0.5185546875 0.3037109375 0.06640625 0.07421875
1 0.228515625 0.3642578125 0.056640625 0.08203125
1 0.798828125 0.2861328125 0.060546875 0.078125
1 0.6376953125 0.3466796875 0.08203125 0.099609375
1 0.4189453125 0.388671875 0.064453125 0.083984375
1 0.3388671875 0.40625 0.064453125 0.083984375
1 0.09765625 0.4658203125 0.05859375 0.068359375
1 0.17578125 0.4619140625 0.060546875 0.078125
1 0.36328125 0.455078125 0.0625 0.07421875
1 0.138671875 0.505859375 0.0703125 0.087890625
1 0.5517578125 0.4482421875 0.08203125 0.08984375
1 0.0966796875 0.5400390625 0.064453125 0.083984375