1 0.0654296875 0.404296875 0.078125 0.099609375
1 0.3046875 0.525390625 0.1015625 0.119140625
1 0.861328125 0.845703125 0.181640625 0.224609375
1 0.3349609375 0.185546875 0.0625 0.07421875
1 0.9140625 0.326171875 0.076171875 0.091796875
1 0.4111328125 0.26953125 0.068359375 0.0859375
1 0.76953125 0.365234375 0.09375 0.095703125
1 0.59375 0.326171875 0.0703125 0.076171875
1 0.302734375 0.26953125 0.060546875 0.083984375
1 0.8583984375 0.4189453125 0.064453125 0.080078125
1 0.6865234375 0.4130859375 0.0859375 0.1015625
1 0.46875 0.365234375 0.068359375 0.0859375
1 0.3876953125 0.3505859375 0.068359375 0.0859375
1 0.142578125 0.3115234375 0.0625 0.0703125
1 0.216796875 0.337890625 0.064453125 0.080078125
1 0.3916015625 0.4052734375 0.06640625 0.076171875
1 0.1650390625 0.3642578125 0.072265625 0.08984375
1 0.5673828125 0.47265625 0.083984375 0.09375
1 0.11328125 0.3798828125 0.068359375 0.0859375