0 0.7763671875 0.37109375 0.216796875 0.185546875
0 0.23828125 0.2626953125 0.12890625 0.166015625
0 0.6220703125 0.421875 0.146484375 0.1953125
0 0.3056640625 0.375 0.166015625 0.203125
0 0.6181640625 0.0634765625 0.13671875 0.115234375
0 0.1640625 0.4140625 0.197265625 0.228515625
0 0.4365234375 0.5068359375 0.17578125 0.220703125
0 0.5615234375 0.5361328125 0.1796875 0.23828125
0 0.4599609375 0.7001953125 0.224609375 0.29296875
0 0.3369140625 0.7548828125 0.166015625 0.255859375
0 0.103515625 0.7080078125 0.193359375 0.267578125
0 0.529296875 0.84765625 0.19140625 0.23828125
0 0.4833984375 0.234375 0.158203125 0.15234375