0 0.228515625 0.361328125 0.212890625 0.1796875
0 0.7705078125 0.271484375 0.125 0.1640625
0 0.380859375 0.41796875 0.140625 0.193359375
0 0.6982421875 0.3818359375 0.16015625 0.19921875
0 0.3974609375 0.0595703125 0.134765625 0.111328125
0 0.8388671875 0.42578125 0.19140625 0.224609375
0 0.5634765625 0.5087890625 0.169921875 0.21875
0 0.4375 0.5341796875 0.173828125 0.236328125
0 0.5322265625 0.701171875 0.216796875 0.2890625
0 0.654296875 0.7607421875 0.158203125 0.251953125
0 0.8896484375 0.7216796875 0.185546875 0.263671875
0 0.458984375 0.8466796875 0.185546875 0.234375
0 0.525390625 0.234375 0.154296875 0.1484375