0 0.7431640625 0.31640625 0.1904296875 0.1494140625
0 0.1943359375 0.322265625 0.099609375 0.1494140625
0 0.603515625 0.3984375 0.1123046875 0.17578125
0 0.2841796875 0.41796875 0.1318359375 0.1787109375
0 0.5244140625 0.048828125 0.1201171875 0.0927734375
0 0.1533203125 0.4853515625 0.158203125 0.2001953125
0 0.439453125 0.51953125 0.1376953125 0.197265625
0 0.5673828125 0.5224609375 0.1376953125 0.21484375
0 0.5029296875 0.7041015625 0.173828125 0.2626953125
0 0.3935546875 0.783203125 0.1201171875 0.2353515625
0 0.1552734375 0.7861328125 0.146484375 0.2421875
0 0.6005859375 0.833984375 0.150390625 0.2119140625
0 0.4287109375 0.2431640625 0.1337890625 0.1279296875