4 0.189453125 0.380859375 0.09375 0.115234375
4 0.33984375 0.3671875 0.080078125 0.099609375
4 0.130859375 0.4560546875 0.09375 0.115234375
4 0.5908203125 0.349609375 0.11328125 0.12109375
4 0.8017578125 0.3037109375 0.111328125 0.126953125
4 0.732421875 0.3662109375 0.09765625 0.111328125
4 0.4755859375 0.478515625 0.126953125 0.140625
4 0.3388671875 0.5146484375 0.1015625 0.12890625
4 0.6357421875 0.4580078125 0.099609375 0.08984375
4 0.2119140625 0.6171875 0.12890625 0.154296875
4 0.5751953125 0.568359375 0.11328125 0.142578125
4 0.142578125 0.6904296875 0.115234375 0.1484375
4 0.484375 0.6201171875 0.10546875 0.12890625
4 0.7041015625 0.5732421875 0.10546875 0.134765625
4 0.9326171875 0.55078125 0.12890625 0.146484375
4 0.658203125 0.640625 0.12890625 0.158203125
4 0.2548828125 0.751953125 0.12109375 0.142578125
4 0.1318359375 0.822265625 0.142578125 0.1640625
4 0.822265625 0.6533203125 0.119140625 0.138671875
4 0.373046875 0.7978515625 0.1328125 0.1640625
4 0.4677734375 0.8662109375 0.162109375 0.1796875
4 0.220703125 0.92578125 0.16015625 0.1484375
4 0.740234375 0.890625 0.140625 0.1484375
4 0.3759765625 0.9619140625 0.138671875 0.076171875
4 0.6728515625 0.1875 0.095703125 0.11328125