4 0.208984375 0.3388671875 0.08203125 0.109375
4 0.3603515625 0.345703125 0.0703125 0.09375
4 0.140625 0.4052734375 0.08203125 0.109375
4 0.6103515625 0.36328125 0.1015625 0.111328125
4 0.826171875 0.34765625 0.099609375 0.1171875
4 0.7490234375 0.400390625 0.0859375 0.103515625
4 0.478515625 0.4755859375 0.11328125 0.130859375
4 0.337890625 0.4921875 0.087890625 0.12109375
4 0.6396484375 0.4775390625 0.091796875 0.080078125
4 0.1982421875 0.576171875 0.11328125 0.142578125
4 0.5654296875 0.578125 0.09765625 0.1328125
4 0.1201171875 0.638671875 0.099609375 0.138671875
4 0.4677734375 0.6171875 0.091796875 0.119140625
4 0.6923828125 0.6005859375 0.08984375 0.126953125
4 0.9208984375 0.611328125 0.11328125 0.134765625
4 0.63671875 0.6611328125 0.111328125 0.1484375
4 0.22265625 0.7158203125 0.10546875 0.1328125
4 0.08984375 0.767578125 0.126953125 0.15234375
4 0.7978515625 0.6962890625 0.10546875 0.12890625
4 0.3330078125 0.7763671875 0.115234375 0.154296875
4 0.4169921875 0.8583984375 0.142578125 0.166015625
4 0.162109375 0.8974609375 0.142578125 0.1640625
4 0.68359375 0.9208984375 0.126953125 0.13671875
4 0.3095703125 0.955078125 0.126953125 0.08984375
4 0.71484375 0.2138671875 0.083984375 0.10546875