4 0.7724609375 0.3095703125 0.072265625 0.1015625
4 0.623046875 0.33203125 0.0615234375 0.087890625
4 0.84765625 0.3681640625 0.072265625 0.1015625
4 0.3759765625 0.3759765625 0.091796875 0.1015625
4 0.16015625 0.3828125 0.087890625 0.109375
4 0.2421875 0.4267578125 0.076171875 0.095703125
4 0.5185546875 0.4736328125 0.1015625 0.1201171875
4 0.66015625 0.4755859375 0.076171875 0.1142578125
4 0.3583984375 0.4921875 0.083984375 0.072265625
4 0.8076171875 0.5439453125 0.099609375 0.1337890625
4 0.443359375 0.5849609375 0.0859375 0.125
4 0.892578125 0.5986328125 0.0859375 0.130859375
4 0.5439453125 0.61328125 0.080078125 0.1123046875
4 0.3193359375 0.6201171875 0.078125 0.1201171875
4 0.0927734375 0.654296875 0.1015625 0.125
4 0.380859375 0.6748046875 0.09765625 0.138671875
4 0.798828125 0.685546875 0.09375 0.123046875
4 0.935546875 0.7236328125 0.1123046875 0.1416015625
4 0.224609375 0.7265625 0.09375 0.1201171875
4 0.6953125 0.7578125 0.1015625 0.1435546875
4 0.6201171875 0.84765625 0.1279296875 0.154296875
4 0.8779296875 0.8603515625 0.1279296875 0.15234375
4 0.361328125 0.9375 0.1142578125 0.125
4 0.73828125 0.9462890625 0.1162109375 0.1064453125
4 0.2568359375 0.23828125 0.07421875 0.0986328125