3 0.08984375 0.482421875 0.0546875 0.111328125
3 0.6513671875 0.576171875 0.03515625 0.060546875
3 0.6044921875 0.5751953125 0.03515625 0.087890625
3 0.6953125 0.5869140625 0.048828125 0.076171875
3 0.953125 0.6298828125 0.064453125 0.09375
3 0.791015625 0.6220703125 0.052734375 0.083984375
3 0.2822265625 0.5869140625 0.05078125 0.1328125
3 0.865234375 0.6640625 0.103515625 0.142578125
3 0.384765625 0.6376953125 0.080078125 0.1328125
3 0.0283203125 0.6025390625 0.056640625 0.173828125
3 0.466796875 0.6787109375 0.0625 0.1953125
3 0.6669921875 0.8271484375 0.212890625 0.345703125