3 0.91015625 0.525390625 0.0439453125 0.1064453125
3 0.341796875 0.5595703125 0.0283203125 0.05859375
3 0.388671875 0.5634765625 0.0263671875 0.0859375
3 0.296875 0.56640625 0.0419921875 0.072265625
3 0.0361328125 0.58203125 0.0556640625 0.0888671875
3 0.1982421875 0.5908203125 0.0439453125 0.0791015625
3 0.70703125 0.609375 0.0380859375 0.1298828125
3 0.119140625 0.625 0.08984375 0.1337890625
3 0.6005859375 0.6494140625 0.06640625 0.126953125
3 0.96875 0.65234375 0.0615234375 0.16796875
3 0.5146484375 0.681640625 0.0419921875 0.19140625
3 0.296875 0.8212890625 0.17578125 0.357421875