3 0.9111328125 0.4970703125 0.05078125 0.109375
3 0.3466796875 0.5703125 0.033203125 0.060546875
3 0.3935546875 0.5712890625 0.033203125 0.087890625
3 0.3017578125 0.580078125 0.046875 0.07421875
3 0.04296875 0.6142578125 0.0625 0.091796875
3 0.205078125 0.611328125 0.048828125 0.08203125
3 0.7138671875 0.5947265625 0.046875 0.1328125
3 0.12890625 0.6513671875 0.099609375 0.140625
3 0.6103515625 0.6416015625 0.07421875 0.130859375
3 0.970703125 0.619140625 0.05859375 0.171875
3 0.52734375 0.6806640625 0.0546875 0.193359375
3 0.3193359375 0.8251953125 0.201171875 0.349609375