4 0.8154296875 0.3466796875 0.0546875 0.095703125
4 0.1630859375 0.328125 0.044921875 0.078125
4 0.9658203125 0.412109375 0.060546875 0.099609375
4 0.8681640625 0.4150390625 0.0546875 0.07421875
4 0.2470703125 0.3720703125 0.068359375 0.091796875
4 0.3115234375 0.390625 0.037109375 0.083984375
4 0.1103515625 0.404296875 0.05078125 0.1171875
4 0.876953125 0.501953125 0.0625 0.08203125
4 0.953125 0.5078125 0.0546875 0.09375
4 0.4326171875 0.4697265625 0.041015625 0.083984375
4 0.2880859375 0.0400390625 0.048828125 0.080078125
4 0.5703125 0.6015625 0.052734375 0.09375
4 0.908203125 0.095703125 0.052734375 0.083984375
4 0.7470703125 0.6259765625 0.064453125 0.125
4 0.30078125 0.60546875 0.0625 0.099609375
4 0.4306640625 0.6220703125 0.076171875 0.130859375
4 0.6767578125 0.6689453125 0.0546875 0.08984375
4 0.5859375 0.7236328125 0.05078125 0.099609375
4 0.3115234375 0.771484375 0.07421875 0.130859375
4 0.810546875 0.8271484375 0.076171875 0.142578125
4 0.05078125 0.796875 0.056640625 0.099609375
4 0.919921875 0.9208984375 0.064453125 0.130859375
4 0.6474609375 0.916015625 0.068359375 0.107421875
4 0.8310546875 0.9697265625 0.080078125 0.060546875
4 0.828125 0.125 0.0390625 0.083984375
4 0.7041015625 0.974609375 0.103515625 0.05078125
4 0.6171875 0.12109375 0.046875 0.083984375
4 0.208984375 0.1025390625 0.0625 0.087890625
4 0.5302734375 0.162109375 0.05078125 0.095703125
4 0.7529296875 0.212890625 0.052734375 0.08203125
4 0.2412109375 0.169921875 0.052734375 0.1015625
4 0.12890625 0.1630859375 0.044921875 0.08984375
4 0.4287109375 0.2724609375 0.0546875 0.10546875
4 0.6865234375 0.30078125 0.05859375 0.087890625