4 0.169921875 0.3798828125 0.0625 0.099609375
4 0.8173828125 0.2939453125 0.05078125 0.08203125
4 0.03125 0.4619140625 0.0625 0.103515625
4 0.125 0.453125 0.0625 0.078125
4 0.7373046875 0.3466796875 0.076171875 0.09765625
4 0.67578125 0.37109375 0.044921875 0.0859375
4 0.8779296875 0.3642578125 0.060546875 0.119140625
4 0.125 0.541015625 0.0703125 0.087890625
4 0.0498046875 0.5556640625 0.064453125 0.09765625
4 0.5634765625 0.462890625 0.048828125 0.0859375
4 0.6611328125 0.03125 0.056640625 0.0625
4 0.4404296875 0.6083984375 0.0625 0.09765625
4 0.0517578125 0.140625 0.060546875 0.087890625
4 0.267578125 0.650390625 0.076171875 0.12890625
4 0.708984375 0.583984375 0.0703125 0.103515625
4 0.58203125 0.6142578125 0.08984375 0.13671875
4 0.3427734375 0.6865234375 0.064453125 0.09375
4 0.4375 0.7314453125 0.05859375 0.1015625
4 0.7158203125 0.7509765625 0.087890625 0.13671875
4 0.2255859375 0.857421875 0.08984375 0.1484375
4 0.97265625 0.7470703125 0.0546875 0.103515625
4 0.1259765625 0.947265625 0.076171875 0.10546875
4 0.396484375 0.9287109375 0.078125 0.111328125
4 0.2216796875 0.984375 0.087890625 0.03125
4 0.134765625 0.1611328125 0.046875 0.0859375
4 0.345703125 0.9814453125 0.109375 0.037109375
4 0.34375 0.1357421875 0.0546875 0.087890625
4 0.7470703125 0.07421875 0.0703125 0.09375
4 0.4345703125 0.16796875 0.05859375 0.099609375
4 0.21875 0.2412109375 0.060546875 0.0859375
4 0.72265625 0.14453125 0.0625 0.10546875
4 0.833984375 0.1259765625 0.0546875 0.091796875
4 0.546875 0.265625 0.064453125 0.109375
4 0.2939453125 0.3212890625 0.06640625 0.091796875