4 0.19921875 0.3193359375 0.0458984375 0.0927734375
4 0.8505859375 0.3583984375 0.0380859375 0.0751953125
4 0.0439453125 0.3720703125 0.0517578125 0.095703125
4 0.140625 0.3828125 0.0498046875 0.0693359375
4 0.7626953125 0.39453125 0.0615234375 0.0869140625
4 0.697265625 0.4072265625 0.0302734375 0.0810546875
4 0.896484375 0.4384765625 0.0400390625 0.1142578125
4 0.1240234375 0.46875 0.0556640625 0.078125
4 0.0478515625 0.46875 0.0478515625 0.08984375
4 0.5693359375 0.4755859375 0.0341796875 0.0810546875
4 0.751953125 0.052734375 0.0400390625 0.0927734375
4 0.4208984375 0.5947265625 0.0458984375 0.08984375
4 0.12890625 0.0615234375 0.0458984375 0.0810546875
4 0.2431640625 0.603515625 0.0537109375 0.1201171875
4 0.689453125 0.6220703125 0.0537109375 0.095703125
4 0.55859375 0.6279296875 0.06640625 0.1259765625
4 0.3095703125 0.6533203125 0.0478515625 0.0869140625
4 0.39453125 0.71484375 0.0419921875 0.095703125
4 0.6640625 0.787109375 0.064453125 0.1259765625
4 0.162109375 0.798828125 0.064453125 0.1376953125
4 0.921875 0.8349609375 0.0478515625 0.095703125
4 0.044921875 0.8828125 0.0537109375 0.1259765625
4 0.31640625 0.9013671875 0.0595703125 0.1025390625
4 0.1279296875 0.9560546875 0.072265625 0.0869140625
4 0.2060546875 0.09765625 0.0322265625 0.0810546875
4 0.2529296875 0.966796875 0.09765625 0.06640625
4 0.416015625 0.1123046875 0.0400390625 0.0810546875
4 0.82421875 0.12890625 0.0556640625 0.083984375
4 0.4990234375 0.1611328125 0.0419921875 0.0927734375
4 0.2734375 0.1923828125 0.0458984375 0.078125
4 0.7861328125 0.193359375 0.0439453125 0.0986328125
4 0.8994140625 0.1962890625 0.0380859375 0.0869140625
4 0.5908203125 0.279296875 0.0458984375 0.1025390625
4 0.33203125 0.28515625 0.0517578125 0.083984375