3 0.6044921875 0.421875 0.03125 0.0390625
3 0.2548828125 0.47265625 0.02734375 0.03515625
3 0.4833984375 0.44921875 0.03515625 0.05078125
3 0.7431640625 0.419921875 0.03515625 0.044921875
3 0.80859375 0.412109375 0.021484375 0.037109375
3 0.197265625 0.4892578125 0.0390625 0.048828125
3 0.09765625 0.5146484375 0.03515625 0.044921875
3 0.3212890625 0.4912109375 0.03515625 0.048828125
3 0.771484375 0.4384765625 0.03125 0.0390625
3 0.46484375 0.482421875 0.044921875 0.060546875
3 0.2900390625 0.513671875 0.03515625 0.037109375
3 0.84375 0.4462890625 0.046875 0.060546875
3 0.4189453125 0.5205078125 0.06640625 0.083984375
3 0.64453125 0.49609375 0.04296875 0.064453125
3 0.8203125 0.494140625 0.04296875 0.0546875
3 0.0556640625 0.6416015625 0.080078125 0.099609375
3 0.158203125 0.6328125 0.076171875 0.09375
3 0.384765625 0.634765625 0.05859375 0.0859375
3 0.8046875 0.6005859375 0.099609375 0.11328125
3 0.380859375 0.7822265625 0.12109375 0.162109375
3 0.947265625 0.80859375 0.10546875 0.28515625