3 0.61328125 0.435546875 0.0263671875 0.0361328125
3 0.259765625 0.443359375 0.0244140625 0.033203125
3 0.4892578125 0.447265625 0.0302734375 0.0478515625
3 0.7509765625 0.4501953125 0.0302734375 0.0419921875
3 0.8173828125 0.4501953125 0.017578125 0.0361328125
3 0.201171875 0.4521484375 0.0341796875 0.044921875
3 0.0986328125 0.4658203125 0.0302734375 0.0419921875
3 0.3232421875 0.4697265625 0.0302734375 0.044921875
3 0.77734375 0.4716796875 0.0263671875 0.0361328125
3 0.466796875 0.478515625 0.0380859375 0.056640625
3 0.2900390625 0.48828125 0.0322265625 0.033203125
3 0.84765625 0.48828125 0.0400390625 0.056640625
3 0.4169921875 0.5107421875 0.0576171875 0.078125
3 0.6435546875 0.513671875 0.0361328125 0.060546875
3 0.818359375 0.533203125 0.0361328125 0.05078125
3 0.0419921875 0.5869140625 0.068359375 0.0927734375
3 0.14453125 0.58984375 0.06640625 0.0869140625
3 0.369140625 0.6201171875 0.0498046875 0.0810546875
3 0.7900390625 0.63671875 0.087890625 0.1025390625
3 0.34765625 0.765625 0.103515625 0.150390625
3 0.93359375 0.8642578125 0.12890625 0.271484375