3 0.38671875 0.435546875 0.02734375 0.03515625
3 0.740234375 0.443359375 0.0234375 0.033203125
3 0.5107421875 0.447265625 0.03125 0.046875
3 0.2490234375 0.4501953125 0.03125 0.04296875
3 0.1826171875 0.4501953125 0.017578125 0.03515625
3 0.798828125 0.4521484375 0.03515625 0.044921875
3 0.9013671875 0.4658203125 0.03125 0.04296875
3 0.6767578125 0.4697265625 0.03125 0.044921875
3 0.22265625 0.4716796875 0.02734375 0.03515625
3 0.533203125 0.478515625 0.0390625 0.056640625
3 0.7099609375 0.48828125 0.03125 0.033203125
3 0.15234375 0.48828125 0.0390625 0.056640625
3 0.5830078125 0.5107421875 0.05859375 0.078125
3 0.3564453125 0.513671875 0.03515625 0.060546875
3 0.181640625 0.533203125 0.03515625 0.05078125
3 0.9580078125 0.5869140625 0.068359375 0.09375
3 0.85546875 0.58984375 0.06640625 0.0859375
3 0.630859375 0.6201171875 0.05078125 0.08203125
3 0.2099609375 0.63671875 0.087890625 0.1015625
3 0.65234375 0.765625 0.103515625 0.150390625
3 0.06640625 0.8642578125 0.12890625 0.271484375