3 0.1064453125 0.56640625 0.05078125 0.0625
3 0.6416015625 0.6552734375 0.05078125 0.0625
3 0.5419921875 0.6484375 0.044921875 0.056640625
3 0.771484375 0.685546875 0.05078125 0.076171875
3 0.48828125 0.6640625 0.056640625 0.076171875
3 0.3740234375 0.6533203125 0.06640625 0.078125
3 0.1337890625 0.62109375 0.0703125 0.08203125
3 0.0205078125 0.6103515625 0.041015625 0.095703125
3 0.8330078125 0.7275390625 0.0703125 0.087890625
3 0.6357421875 0.69921875 0.0390625 0.0546875
3 0.69921875 0.7099609375 0.0546875 0.072265625
3 0.4423828125 0.673828125 0.0625 0.08203125
3 0.1826171875 0.6396484375 0.056640625 0.076171875
3 0.259765625 0.650390625 0.05859375 0.09375
3 0.947265625 0.75 0.056640625 0.099609375
3 0.9052734375 0.7490234375 0.083984375 0.103515625
3 0.30859375 0.669921875 0.072265625 0.083984375
3 0.5654296875 0.7275390625 0.07421875 0.09765625
3 0.3974609375 0.712890625 0.046875 0.111328125
3 0.498046875 0.759765625 0.083984375 0.125
3 0.15234375 0.71484375 0.06640625 0.109375
3 0.810546875 0.8134765625 0.091796875 0.109375
3 0.669921875 0.7958984375 0.08203125 0.111328125
3 0.03125 0.708984375 0.048828125 0.111328125
3 0.3505859375 0.75390625 0.044921875 0.064453125
3 0.576171875 0.7998046875 0.056640625 0.0859375
3 0.435546875 0.7919921875 0.072265625 0.1015625
3 0.27734375 0.76953125 0.08984375 0.140625
3 0.0146484375 0.76171875 0.029296875 0.0859375