3 0.119140625 0.6201171875 0.0439453125 0.056640625
3 0.662109375 0.6337890625 0.0439453125 0.056640625
3 0.5625 0.640625 0.037109375 0.0517578125
3 0.794921875 0.6455078125 0.041015625 0.0703125
3 0.5107421875 0.6640625 0.046875 0.0703125
3 0.396484375 0.6689453125 0.056640625 0.0703125
3 0.154296875 0.6708984375 0.0595703125 0.0751953125
3 0.029296875 0.6787109375 0.052734375 0.0888671875
3 0.861328125 0.6787109375 0.0595703125 0.080078125
3 0.662109375 0.6787109375 0.03125 0.0517578125
3 0.7265625 0.6806640625 0.046875 0.0654296875
3 0.466796875 0.6806640625 0.052734375 0.0751953125
3 0.205078125 0.6826171875 0.046875 0.0703125
3 0.283203125 0.6826171875 0.046875 0.0888671875
3 0.9775390625 0.685546875 0.044921875 0.09375
3 0.935546875 0.6904296875 0.072265625 0.09375
3 0.333984375 0.6953125 0.0625 0.0751953125
3 0.5966796875 0.7158203125 0.0625 0.0888671875
3 0.427734375 0.7255859375 0.03125 0.1083984375
3 0.5341796875 0.7578125 0.068359375 0.1171875
3 0.185546875 0.7607421875 0.052734375 0.103515625
3 0.8515625 0.767578125 0.078125 0.0986328125
3 0.708984375 0.76953125 0.068359375 0.103515625
3 0.064453125 0.7724609375 0.0341796875 0.1083984375
3 0.3876953125 0.7724609375 0.037109375 0.060546875
3 0.6171875 0.7861328125 0.046875 0.080078125
3 0.4765625 0.7978515625 0.0595703125 0.09375
3 0.3173828125 0.7978515625 0.072265625 0.1318359375
3 0.0419921875 0.8291015625 0.046875 0.080078125