3 0.10546875 0.55859375 0.052734375 0.0625
3 0.6396484375 0.6572265625 0.052734375 0.0625
3 0.5400390625 0.6484375 0.044921875 0.056640625
3 0.7685546875 0.689453125 0.05078125 0.076171875
3 0.4853515625 0.6640625 0.056640625 0.076171875
3 0.37109375 0.650390625 0.06640625 0.078125
3 0.1318359375 0.6142578125 0.0703125 0.083984375
3 0.01953125 0.6025390625 0.0390625 0.095703125
3 0.8291015625 0.7333984375 0.072265625 0.087890625
3 0.6318359375 0.7021484375 0.0390625 0.056640625
3 0.6953125 0.7138671875 0.056640625 0.072265625
3 0.4384765625 0.6728515625 0.064453125 0.08203125
3 0.1796875 0.6337890625 0.056640625 0.076171875
3 0.2568359375 0.646484375 0.060546875 0.095703125
3 0.9423828125 0.7578125 0.05859375 0.099609375
3 0.900390625 0.755859375 0.0859375 0.103515625
3 0.3056640625 0.6669921875 0.07421875 0.083984375
3 0.5615234375 0.728515625 0.076171875 0.09765625
3 0.3935546875 0.7119140625 0.046875 0.111328125
3 0.4931640625 0.759765625 0.0859375 0.126953125
3 0.1484375 0.7080078125 0.068359375 0.111328125
3 0.8056640625 0.8193359375 0.091796875 0.109375
3 0.6640625 0.798828125 0.083984375 0.11328125
3 0.02734375 0.701171875 0.05078125 0.11328125
3 0.3466796875 0.751953125 0.046875 0.06640625
3 0.5712890625 0.80078125 0.05859375 0.0859375
3 0.4306640625 0.7900390625 0.07421875 0.1015625
3 0.2734375 0.765625 0.091796875 0.140625
3 0.0126953125 0.751953125 0.025390625 0.0859375