3 0.421875 0.408203125 0.037109375 0.0546875
3 0.7783203125 0.3681640625 0.04296875 0.076171875
3 0.2587890625 0.4873046875 0.037109375 0.068359375
3 0.55859375 0.4423828125 0.04296875 0.041015625
3 0.689453125 0.439453125 0.056640625 0.072265625
3 0.3369140625 0.515625 0.064453125 0.107421875
3 0.90234375 0.4091796875 0.0546875 0.083984375
3 0.650390625 0.4619140625 0.046875 0.08984375
3 0.3759765625 0.51953125 0.05859375 0.078125
3 0.6240234375 0.4755859375 0.0546875 0.087890625
3 0.09765625 0.580078125 0.08203125 0.13671875
3 0.17578125 0.5830078125 0.06640625 0.126953125
3 0.833984375 0.4677734375 0.04296875 0.06640625
3 0.9208984375 0.4736328125 0.044921875 0.076171875
3 0.0810546875 0.6943359375 0.09375 0.169921875
3 0.822265625 0.634765625 0.044921875 0.103515625
3 0.3603515625 0.7392578125 0.078125 0.15625
3 0.4892578125 0.728515625 0.107421875 0.21484375
3 0.7822265625 0.697265625 0.068359375 0.107421875
3 0.9931640625 0.6708984375 0.013671875 0.111328125
3 0.6669921875 0.8564453125 0.12890625 0.248046875
3 0.9599609375 0.818359375 0.080078125 0.203125
3 0.4951171875 0.9345703125 0.099609375 0.130859375