3 0.4365234375 0.396484375 0.029296875 0.05078125
3 0.7958984375 0.4130859375 0.033203125 0.072265625
3 0.263671875 0.44921875 0.02734375 0.064453125
3 0.56640625 0.453125 0.037109375 0.037109375
3 0.6962890625 0.4697265625 0.048828125 0.06640625
3 0.3369140625 0.490234375 0.048828125 0.1015625
3 0.9111328125 0.47265625 0.04296875 0.080078125
3 0.6552734375 0.4853515625 0.033203125 0.0859375
3 0.375 0.4990234375 0.048828125 0.072265625
3 0.6259765625 0.4951171875 0.04296875 0.083984375
3 0.08984375 0.5166015625 0.064453125 0.130859375
3 0.1669921875 0.53125 0.048828125 0.123046875
3 0.8349609375 0.5205078125 0.03515625 0.0625
3 0.919921875 0.5400390625 0.03515625 0.072265625
3 0.0556640625 0.6259765625 0.0703125 0.162109375
3 0.7978515625 0.68359375 0.029296875 0.099609375
3 0.3251953125 0.7138671875 0.0546875 0.150390625
3 0.453125 0.724609375 0.078125 0.208984375
3 0.748046875 0.73828125 0.052734375 0.1015625
3 0.98046875 0.75 0.0390625 0.10546875
3 0.609375 0.8779296875 0.09375 0.23828125
3 0.935546875 0.892578125 0.119140625 0.1875
3 0.4267578125 0.9345703125 0.080078125 0.130859375