3 0.4404296875 0.39453125 0.0283203125 0.0498046875
3 0.798828125 0.423828125 0.0302734375 0.0712890625
3 0.265625 0.44140625 0.0244140625 0.064453125
3 0.568359375 0.455078125 0.0361328125 0.03515625
3 0.697265625 0.4765625 0.0458984375 0.064453125
3 0.3369140625 0.484375 0.0458984375 0.099609375
3 0.912109375 0.4873046875 0.0400390625 0.078125
3 0.6552734375 0.4912109375 0.0302734375 0.0849609375
3 0.375 0.4951171875 0.0458984375 0.0712890625
3 0.6259765625 0.5 0.0400390625 0.08203125
3 0.08984375 0.501953125 0.0595703125 0.1279296875
3 0.166015625 0.51953125 0.0439453125 0.12109375
3 0.833984375 0.5322265625 0.0322265625 0.060546875
3 0.91796875 0.5546875 0.0322265625 0.0712890625
3 0.0517578125 0.6103515625 0.064453125 0.16015625
3 0.791015625 0.6943359375 0.0263671875 0.099609375
3 0.3173828125 0.7080078125 0.0498046875 0.1494140625
3 0.4453125 0.72265625 0.0703125 0.2060546875
3 0.7392578125 0.7470703125 0.0498046875 0.099609375
3 0.9765625 0.7666015625 0.0458984375 0.103515625
3 0.595703125 0.8818359375 0.0859375 0.236328125
3 0.921875 0.9072265625 0.1123046875 0.1845703125
3 0.4111328125 0.93359375 0.076171875 0.1328125