0 0.2734375 0.3701171875 0.0859375 0.078125
0 0.13671875 0.3779296875 0.078125 0.083984375
0 0.208984375 0.39453125 0.056640625 0.07421875
0 0.3583984375 0.4130859375 0.09765625 0.099609375
0 0.45703125 0.48046875 0.09375 0.078125
0 0.16015625 0.4921875 0.08984375 0.076171875
0 0.5703125 0.48046875 0.078125 0.09765625
0 0.0654296875 0.5263671875 0.08984375 0.064453125
0 0.853515625 0.5068359375 0.091796875 0.099609375
0 0.2724609375 0.5302734375 0.095703125 0.056640625
0 0.3583984375 0.541015625 0.076171875 0.046875
0 0.1484375 0.5517578125 0.08984375 0.078125
0 0.787109375 0.5322265625 0.076171875 0.08984375
0 0.6982421875 0.5625 0.087890625 0.119140625
0 0.5263671875 0.578125 0.080078125 0.0625
0 0.2646484375 0.591796875 0.115234375 0.08984375
0 0.57421875 0.5810546875 0.0703125 0.08984375
0 0.939453125 0.57421875 0.07421875 0.095703125
0 0.859375 0.5966796875 0.056640625 0.0859375
0 0.380859375 0.6220703125 0.09375 0.111328125
0 0.794921875 0.6220703125 0.072265625 0.095703125
0 0.7294921875 0.640625 0.044921875 0.080078125
0 0.158203125 0.6630859375 0.05859375 0.0859375
0 0.2060546875 0.6650390625 0.08984375 0.076171875
0 0.57421875 0.6591796875 0.06640625 0.078125
0 0.083984375 0.685546875 0.076171875 0.095703125
0 0.5048828125 0.673828125 0.087890625 0.083984375
0 0.67578125 0.6923828125 0.0859375 0.08984375
0 0.3095703125 0.7080078125 0.13671875 0.07421875
0 0.48046875 0.7392578125 0.08203125 0.080078125
0 0.0517578125 0.7890625 0.0703125 0.083984375
0 0.5517578125 0.775390625 0.09375 0.08203125
0 0.5849609375 0.86328125 0.05859375 0.0703125