0 0.2783203125 0.3623046875 0.083984375 0.0751953125
0 0.1416015625 0.365234375 0.076171875 0.0810546875
0 0.212890625 0.384765625 0.0537109375 0.072265625
0 0.361328125 0.408203125 0.09375 0.095703125
0 0.4580078125 0.478515625 0.091796875 0.0751953125
0 0.16015625 0.48046875 0.087890625 0.072265625
0 0.5712890625 0.4833984375 0.07421875 0.095703125
0 0.064453125 0.5107421875 0.087890625 0.060546875
0 0.853515625 0.51953125 0.087890625 0.095703125
0 0.271484375 0.5224609375 0.09375 0.0537109375
0 0.357421875 0.5361328125 0.07421875 0.044921875
0 0.146484375 0.5390625 0.087890625 0.0751953125
0 0.7861328125 0.5419921875 0.072265625 0.0869140625
0 0.6962890625 0.5693359375 0.083984375 0.1171875
0 0.5234375 0.5791015625 0.078125 0.060546875
0 0.26171875 0.583984375 0.1123046875 0.0869140625
0 0.5712890625 0.583984375 0.06640625 0.0869140625
0 0.9365234375 0.58984375 0.0703125 0.0927734375
0 0.85546875 0.609375 0.0537109375 0.083984375
0 0.376953125 0.6181640625 0.08984375 0.1083984375
0 0.7900390625 0.6318359375 0.068359375 0.0927734375
0 0.724609375 0.6484375 0.0419921875 0.078125
0 0.15234375 0.6513671875 0.0556640625 0.083984375
0 0.2001953125 0.654296875 0.087890625 0.072265625
0 0.568359375 0.662109375 0.064453125 0.0751953125
0 0.078125 0.6708984375 0.072265625 0.0927734375
0 0.4990234375 0.673828125 0.0859375 0.0810546875
0 0.6689453125 0.6982421875 0.08203125 0.0869140625
0 0.302734375 0.701171875 0.1337890625 0.0693359375
0 0.4716796875 0.73828125 0.080078125 0.078125
0 0.0419921875 0.7734375 0.068359375 0.0810546875
0 0.5419921875 0.77734375 0.091796875 0.078125
0 0.572265625 0.8662109375 0.0556640625 0.0693359375