0 0.2998046875 0.3330078125 0.09375 0.0859375
0 0.1640625 0.31640625 0.0859375 0.091796875
0 0.2314453125 0.345703125 0.0625 0.078125
0 0.375 0.3896484375 0.10546875 0.107421875
0 0.4609375 0.47265625 0.1015625 0.087890625
0 0.166015625 0.43359375 0.09765625 0.083984375
0 0.5732421875 0.4931640625 0.0859375 0.10546875
0 0.0673828125 0.4501953125 0.095703125 0.072265625
0 0.84765625 0.568359375 0.099609375 0.107421875
0 0.2705078125 0.490234375 0.099609375 0.06640625
0 0.353515625 0.515625 0.080078125 0.0546875
0 0.14453125 0.4892578125 0.09765625 0.0859375
0 0.77734375 0.5810546875 0.083984375 0.095703125
0 0.6845703125 0.595703125 0.099609375 0.126953125
0 0.51171875 0.58203125 0.0859375 0.0703125
0 0.251953125 0.5498046875 0.123046875 0.1015625
0 0.55859375 0.5927734375 0.078125 0.095703125
0 0.919921875 0.6494140625 0.08203125 0.1015625
0 0.8369140625 0.658203125 0.064453125 0.08984375
0 0.361328125 0.599609375 0.103515625 0.119140625
0 0.7685546875 0.6708984375 0.080078125 0.1015625
0 0.7021484375 0.6787109375 0.052734375 0.083984375
0 0.134765625 0.6015625 0.06640625 0.091796875
0 0.181640625 0.611328125 0.09765625 0.083984375
0 0.544921875 0.669921875 0.07421875 0.083984375
0 0.05859375 0.6103515625 0.083984375 0.1015625
0 0.474609375 0.671875 0.095703125 0.091796875
0 0.6396484375 0.7197265625 0.09375 0.09765625
0 0.2763671875 0.671875 0.142578125 0.087890625
0 0.4384765625 0.732421875 0.08984375 0.087890625
0 0.0234375 0.70703125 0.046875 0.08984375
0 0.5029296875 0.7802734375 0.1015625 0.08984375
0 0.5205078125 0.873046875 0.064453125 0.076171875