3 0.0517578125 0.501953125 0.05859375 0.087890625
3 0.4326171875 0.50390625 0.052734375 0.05859375
3 0.8671875 0.505859375 0.06640625 0.0703125
3 0.5263671875 0.52734375 0.072265625 0.10546875
3 0.146484375 0.5458984375 0.0625 0.08203125
3 0.4013671875 0.5498046875 0.046875 0.07421875
3 0.7060546875 0.55859375 0.07421875 0.08203125
3 0.2265625 0.5625 0.06640625 0.091796875
3 0.333984375 0.5751953125 0.07421875 0.07421875
3 0.4404296875 0.5751953125 0.0625 0.07421875
3 0.876953125 0.5830078125 0.083984375 0.109375
3 0.650390625 0.59375 0.08203125 0.087890625
3 0.794921875 0.6142578125 0.06640625 0.0703125
3 0.7392578125 0.654296875 0.05859375 0.091796875
3 0.419921875 0.68359375 0.09765625 0.1171875
3 0.662109375 0.685546875 0.099609375 0.13671875
3 0.2890625 0.693359375 0.08984375 0.12109375
3 0.140625 0.7099609375 0.08203125 0.13671875
3 0.412109375 0.8017578125 0.130859375 0.1875
3 0.330078125 0.8037109375 0.109375 0.158203125
3 0.5751953125 0.8037109375 0.068359375 0.099609375
3 0.0888671875 0.876953125 0.12890625 0.171875