3 0.3564453125 0.5576171875 0.056640625 0.0947265625
3 0.3154296875 0.58203125 0.056640625 0.10546875
3 0.2734375 0.59765625 0.0595703125 0.125
3 0.189453125 0.6376953125 0.0595703125 0.0849609375
3 0.556640625 0.6396484375 0.037109375 0.0703125
3 0.380859375 0.6572265625 0.0498046875 0.0751953125
3 0.494140625 0.66015625 0.0498046875 0.080078125
3 0.666015625 0.662109375 0.056640625 0.0849609375
3 0.7470703125 0.6845703125 0.0439453125 0.0595703125
3 0.921875 0.7021484375 0.0810546875 0.0947265625
3 0.5859375 0.759765625 0.083984375 0.16015625
3 0.125 0.767578125 0.1376953125 0.21484375
3 0.384765625 0.837890625 0.15625 0.2548828125
3 0.9072265625 0.84375 0.185546875 0.30859375