3 0.3671875 0.5791015625 0.0703125 0.1015625
3 0.330078125 0.6103515625 0.072265625 0.11328125
3 0.291015625 0.6318359375 0.078125 0.1328125
3 0.21484375 0.6845703125 0.072265625 0.09375
3 0.578125 0.62890625 0.046875 0.076171875
3 0.4072265625 0.673828125 0.060546875 0.08203125
3 0.51953125 0.6591796875 0.0625 0.0859375
3 0.689453125 0.6337890625 0.068359375 0.09375
3 0.7724609375 0.6435546875 0.052734375 0.06640625
3 0.9482421875 0.6337890625 0.095703125 0.10546875
3 0.6259765625 0.7431640625 0.107421875 0.171875
3 0.171875 0.8232421875 0.169921875 0.234375
3 0.439453125 0.8515625 0.193359375 0.275390625
3 0.919921875 0.7744140625 0.16015625 0.333984375