3 0.6435546875 0.5576171875 0.056640625 0.09375
3 0.6845703125 0.58203125 0.056640625 0.10546875
3 0.7265625 0.59765625 0.05859375 0.125
3 0.810546875 0.6376953125 0.05859375 0.0859375
3 0.443359375 0.6396484375 0.037109375 0.0703125
3 0.619140625 0.6572265625 0.05078125 0.07421875
3 0.505859375 0.66015625 0.05078125 0.080078125
3 0.333984375 0.662109375 0.056640625 0.0859375
3 0.2529296875 0.6845703125 0.04296875 0.05859375
3 0.078125 0.7021484375 0.08203125 0.09375
3 0.4140625 0.759765625 0.083984375 0.16015625
3 0.875 0.767578125 0.13671875 0.21484375
3 0.615234375 0.837890625 0.15625 0.25390625
3 0.0927734375 0.84375 0.185546875 0.30859375