2 0.6396484375 0.5595703125 0.208984375 0.140625
2 0.8681640625 0.5693359375 0.228515625 0.146484375
2 0.1484375 0.55859375 0.240234375 0.150390625
2 0.392578125 0.56640625 0.216796875 0.140625
2 0.4013671875 0.716796875 0.240234375 0.166015625
2 0.6455078125 0.7236328125 0.240234375 0.146484375
2 0.1484375 0.71484375 0.234375 0.154296875
2 0.650390625 0.087890625 0.216796875 0.1484375
2 0.3935546875 0.0859375 0.216796875 0.13671875
2 0.6240234375 0.873046875 0.216796875 0.154296875
2 0.154296875 0.869140625 0.228515625 0.138671875
2 0.150390625 0.08203125 0.216796875 0.14453125
2 0.38671875 0.875 0.228515625 0.158203125
2 0.41015625 0.2373046875 0.240234375 0.150390625
2 0.1572265625 0.240234375 0.234375 0.138671875
2 0.6318359375 0.25390625 0.22265625 0.1484375
2 0.404296875 0.3955078125 0.234375 0.158203125
2 0.6455078125 0.4033203125 0.216796875 0.14453125
2 0.1484375 0.396484375 0.24609375 0.158203125