2 0.349609375 0.5205078125 0.234375 0.18359375
2 0.126953125 0.4716796875 0.25390625 0.19140625
2 0.82421875 0.6474609375 0.265625 0.19921875
2 0.5869140625 0.591796875 0.240234375 0.185546875
2 0.5390625 0.7353515625 0.26953125 0.21484375
2 0.3017578125 0.677734375 0.265625 0.1953125
2 0.7841796875 0.7978515625 0.26171875 0.201171875
2 0.4609375 0.0791015625 0.2421875 0.158203125
2 0.7099609375 0.1279296875 0.240234375 0.181640625
2 0.283203125 0.828125 0.244140625 0.197265625
2 0.7373046875 0.9267578125 0.251953125 0.146484375
2 0.912109375 0.1865234375 0.17578125 0.189453125
2 0.51171875 0.8916015625 0.255859375 0.205078125
2 0.6552734375 0.26953125 0.265625 0.19921875
2 0.884765625 0.3369140625 0.23046875 0.185546875
2 0.435546875 0.228515625 0.248046875 0.1953125
2 0.619140625 0.423828125 0.26171875 0.205078125
2 0.384765625 0.3681640625 0.2421875 0.189453125
2 0.8642578125 0.4912109375 0.271484375 0.208984375