2 0.359375 0.556640625 0.20703125 0.1376953125
2 0.130859375 0.5625 0.2255859375 0.1416015625
2 0.8505859375 0.564453125 0.23828125 0.1455078125
2 0.6064453125 0.568359375 0.2138671875 0.1376953125
2 0.5947265625 0.71875 0.23828125 0.162109375
2 0.3505859375 0.720703125 0.23828125 0.1416015625
2 0.84765625 0.720703125 0.2314453125 0.150390625
2 0.3564453125 0.0849609375 0.2138671875 0.1455078125
2 0.61328125 0.087890625 0.2138671875 0.1337890625
2 0.369140625 0.87109375 0.2138671875 0.150390625
2 0.8388671875 0.875 0.2255859375 0.1337890625
2 0.8564453125 0.087890625 0.2138671875 0.1416015625
2 0.6064453125 0.876953125 0.2255859375 0.154296875
2 0.5947265625 0.2392578125 0.23828125 0.1455078125
2 0.84765625 0.24609375 0.2314453125 0.1337890625
2 0.3720703125 0.251953125 0.2197265625 0.1455078125
2 0.59765625 0.3974609375 0.2314453125 0.154296875
2 0.3564453125 0.400390625 0.2138671875 0.1416015625
2 0.853515625 0.40234375 0.244140625 0.154296875