4 0.6884765625 0.404296875 0.080078125 0.130859375
4 0.412109375 0.466796875 0.07421875 0.123046875
4 0.375 0.4814453125 0.078125 0.16015625
4 0.4873046875 0.4716796875 0.08203125 0.140625
4 0.0888671875 0.548828125 0.080078125 0.15234375
4 0.599609375 0.5185546875 0.08984375 0.158203125
4 0.470703125 0.572265625 0.08203125 0.134765625
4 0.806640625 0.548828125 0.076171875 0.134765625
4 0.92578125 0.5439453125 0.064453125 0.154296875
4 0.3828125 0.6064453125 0.1328125 0.140625
4 0.1865234375 0.630859375 0.16015625 0.185546875
4 0.7392578125 0.5859375 0.068359375 0.126953125
4 0.873046875 0.5927734375 0.083984375 0.12890625
4 0.5947265625 0.626953125 0.095703125 0.14453125
4 0.6884765625 0.646484375 0.0703125 0.142578125
4 0.4443359375 0.6962890625 0.228515625 0.265625
4 0.861328125 0.7265625 0.095703125 0.173828125
4 0.1162109375 0.810546875 0.16015625 0.16015625
4 0.9375 0.7236328125 0.083984375 0.16796875
4 0.7431640625 0.748046875 0.076171875 0.142578125
4 0.30078125 0.8017578125 0.17578125 0.19140625
4 0.60546875 0.7822265625 0.1484375 0.1796875
4 0.9755859375 0.783203125 0.048828125 0.15234375
4 0.2470703125 0.9013671875 0.158203125 0.16015625
4 0.6923828125 0.9091796875 0.185546875 0.162109375
4 0.52734375 0.9287109375 0.1328125 0.142578125
4 0.3984375 0.9384765625 0.15625 0.123046875
4 0.9130859375 0.896484375 0.150390625 0.138671875
4 0.017578125 0.18359375 0.03515625 0.12109375
4 0.060546875 0.2275390625 0.06640625 0.12890625
4 0.4365234375 0.244140625 0.056640625 0.099609375
4 0.0263671875 0.3125 0.052734375 0.1171875
4 0.1455078125 0.3671875 0.078125 0.126953125
4 0.3076171875 0.357421875 0.076171875 0.115234375
4 0.1982421875 0.3916015625 0.076171875 0.119140625
4 0.0810546875 0.421875 0.076171875 0.115234375
4 0.25 0.40625 0.0703125 0.1171875
4 0.6005859375 0.37890625 0.0625 0.125