4 0.697265625 0.4248046875 0.068359375 0.125
4 0.416015625 0.4580078125 0.0625 0.1162109375
4 0.3779296875 0.46875 0.0625 0.154296875
4 0.490234375 0.470703125 0.068359375 0.1337890625
4 0.0859375 0.505859375 0.0654296875 0.1455078125
4 0.5966796875 0.529296875 0.0751953125 0.150390625
4 0.462890625 0.568359375 0.068359375 0.12890625
4 0.7998046875 0.5810546875 0.0625 0.12890625
4 0.9189453125 0.587890625 0.0498046875 0.150390625
4 0.3720703125 0.59375 0.119140625 0.12890625
4 0.1748046875 0.59765625 0.1435546875 0.1708984375
4 0.728515625 0.6103515625 0.056640625 0.12109375
4 0.861328125 0.630859375 0.072265625 0.12109375
4 0.5810546875 0.6357421875 0.0810546875 0.1376953125
4 0.671875 0.6650390625 0.056640625 0.1376953125
4 0.423828125 0.689453125 0.203125 0.24609375
4 0.8359375 0.7626953125 0.078125 0.1669921875
4 0.0859375 0.7685546875 0.146484375 0.1455078125
4 0.912109375 0.7685546875 0.068359375 0.162109375
4 0.7158203125 0.7724609375 0.0625 0.1376953125
4 0.2705078125 0.779296875 0.1591796875 0.1748046875
4 0.5751953125 0.7919921875 0.130859375 0.1669921875
4 0.9638671875 0.8349609375 0.072265625 0.1455078125
4 0.2060546875 0.873046875 0.1435546875 0.1455078125
4 0.6484375 0.9267578125 0.171875 0.1455078125
4 0.4833984375 0.9326171875 0.119140625 0.134765625
4 0.353515625 0.935546875 0.1435546875 0.12890625
4 0.869140625 0.9375 0.1376953125 0.125
4 0.0361328125 0.1337890625 0.0595703125 0.1162109375
4 0.091796875 0.18359375 0.052734375 0.125
4 0.4638671875 0.2392578125 0.046875 0.095703125
4 0.041015625 0.2646484375 0.056640625 0.1123046875
4 0.1611328125 0.3310546875 0.0654296875 0.12109375
4 0.3232421875 0.337890625 0.0654296875 0.1083984375
4 0.2109375 0.3603515625 0.0654296875 0.1123046875
4 0.091796875 0.37890625 0.0654296875 0.1083984375
4 0.2607421875 0.380859375 0.0595703125 0.1123046875
4 0.6123046875 0.3896484375 0.0498046875 0.12109375