4 0.6845703125 0.3984375 0.0859375 0.1328125
4 0.4111328125 0.4697265625 0.078125 0.123046875
4 0.375 0.486328125 0.083984375 0.162109375
4 0.486328125 0.47265625 0.0859375 0.142578125
4 0.0908203125 0.5634765625 0.0859375 0.15234375
4 0.599609375 0.515625 0.095703125 0.16015625
4 0.47265625 0.5732421875 0.0859375 0.13671875
4 0.80859375 0.5380859375 0.080078125 0.13671875
4 0.9267578125 0.5283203125 0.0703125 0.15625
4 0.38671875 0.6103515625 0.13671875 0.14453125
4 0.19140625 0.6416015625 0.166015625 0.189453125
4 0.7412109375 0.5771484375 0.072265625 0.126953125
4 0.8759765625 0.5791015625 0.087890625 0.130859375
4 0.599609375 0.623046875 0.099609375 0.1484375
4 0.693359375 0.6396484375 0.076171875 0.14453125
4 0.451171875 0.6982421875 0.236328125 0.271484375
4 0.869140625 0.7138671875 0.1015625 0.17578125
4 0.126953125 0.8232421875 0.166015625 0.1640625
4 0.9453125 0.708984375 0.08984375 0.169921875
4 0.751953125 0.740234375 0.08203125 0.14453125
4 0.3115234375 0.80859375 0.181640625 0.1953125
4 0.615234375 0.7783203125 0.15234375 0.18359375
4 0.9794921875 0.7666015625 0.041015625 0.154296875
4 0.2607421875 0.91015625 0.162109375 0.1640625
4 0.7060546875 0.90234375 0.19140625 0.16796875
4 0.54296875 0.927734375 0.13671875 0.14453125
4 0.416015625 0.9384765625 0.16015625 0.123046875
4 0.9248046875 0.8818359375 0.150390625 0.142578125
4 0.0126953125 0.2021484375 0.025390625 0.123046875
4 0.0517578125 0.2431640625 0.0703125 0.130859375
4 0.427734375 0.2470703125 0.060546875 0.1015625
4 0.0244140625 0.3310546875 0.048828125 0.119140625
4 0.140625 0.3798828125 0.08203125 0.12890625
4 0.302734375 0.3642578125 0.080078125 0.1171875
4 0.1943359375 0.40234375 0.080078125 0.12109375
4 0.0791015625 0.4365234375 0.080078125 0.1171875
4 0.24609375 0.4150390625 0.07421875 0.119140625
4 0.595703125 0.375 0.06640625 0.126953125