4 0.7392578125 0.3759765625 0.095703125 0.11328125
4 0.53125 0.3466796875 0.080078125 0.109375
4 0.115234375 0.2734375 0.109375 0.1484375
4 0.404296875 0.3544921875 0.076171875 0.099609375
4 0.3349609375 0.3515625 0.099609375 0.11328125
4 0.2060546875 0.3857421875 0.1328125 0.1875
4 0.712890625 0.501953125 0.1015625 0.146484375
4 0.798828125 0.5556640625 0.078125 0.123046875
4 0.4091796875 0.482421875 0.130859375 0.12890625
4 0.8564453125 0.578125 0.1015625 0.150390625
4 0.568359375 0.5263671875 0.142578125 0.173828125
4 0.2705078125 0.48046875 0.15234375 0.1953125
4 0.072265625 0.490234375 0.14453125 0.31640625
4 0.390625 0.59765625 0.1796875 0.18359375
4 0.826171875 0.6943359375 0.123046875 0.18359375
4 0.7216796875 0.6923828125 0.171875 0.224609375
4 0.2333984375 0.62890625 0.23046875 0.279296875
4 0.490234375 0.7216796875 0.232421875 0.3203125
4 0.7333984375 0.90234375 0.212890625 0.1953125
4 0.068359375 0.8154296875 0.13671875 0.220703125
4 0.623046875 0.2958984375 0.095703125 0.11328125
4 0.091796875 0.189453125 0.091796875 0.119140625
4 0.412109375 0.263671875 0.09765625 0.119140625