4 0.7294921875 0.359375 0.08984375 0.107421875
4 0.5205078125 0.3447265625 0.07421875 0.10546875
4 0.099609375 0.30078125 0.1015625 0.14453125
4 0.39453125 0.3623046875 0.072265625 0.09765625
4 0.3251953125 0.36328125 0.09375 0.109375
4 0.1982421875 0.40625 0.123046875 0.18359375
4 0.712890625 0.4873046875 0.091796875 0.14453125
4 0.8017578125 0.5341796875 0.0703125 0.12109375
4 0.408203125 0.4892578125 0.125 0.123046875
4 0.861328125 0.552734375 0.091796875 0.146484375
4 0.5703125 0.521484375 0.1328125 0.16796875
4 0.26953125 0.49609375 0.140625 0.189453125
4 0.0673828125 0.5224609375 0.134765625 0.310546875
4 0.3974609375 0.6044921875 0.169921875 0.17578125
4 0.8388671875 0.6708984375 0.11328125 0.1796875
4 0.734375 0.67578125 0.16015625 0.21875
4 0.2421875 0.6474609375 0.216796875 0.26953125
4 0.5048828125 0.7216796875 0.21484375 0.3125
4 0.763671875 0.8955078125 0.19921875 0.208984375
4 0.078125 0.8486328125 0.15625 0.208984375
4 0.6083984375 0.287109375 0.08984375 0.107421875
4 0.0712890625 0.21875 0.0859375 0.115234375
4 0.396484375 0.2705078125 0.091796875 0.115234375