4 0.2919921875 0.3291015625 0.076171875 0.0986328125
4 0.5009765625 0.34375 0.0615234375 0.0986328125
4 0.923828125 0.3583984375 0.083984375 0.134765625
4 0.6240234375 0.3779296875 0.0595703125 0.08984375
4 0.6923828125 0.388671875 0.080078125 0.0986328125
4 0.8115234375 0.44921875 0.099609375 0.1708984375
4 0.291015625 0.4580078125 0.07421875 0.134765625
4 0.1962890625 0.4921875 0.0556640625 0.1142578125
4 0.5927734375 0.501953125 0.1103515625 0.1083984375
4 0.134765625 0.501953125 0.07421875 0.1376953125
4 0.427734375 0.51171875 0.1123046875 0.1533203125
4 0.728515625 0.5283203125 0.1181640625 0.173828125
4 0.9384765625 0.583984375 0.123046875 0.296875
4 0.5869140625 0.6181640625 0.150390625 0.15625
4 0.140625 0.6220703125 0.08984375 0.16796875
4 0.2431640625 0.6416015625 0.1337890625 0.201171875
4 0.734375 0.681640625 0.18359375 0.24609375
4 0.4638671875 0.71875 0.17578125 0.291015625
4 0.1796875 0.880859375 0.16796875 0.23828125
4 0.9013671875 0.908203125 0.197265625 0.18359375
4 0.421875 0.2744140625 0.076171875 0.0986328125
4 0.9638671875 0.28125 0.072265625 0.10546875
4 0.634765625 0.287109375 0.078125 0.10546875