0 0.6015625 0.2587890625 0.111328125 0.10546875
0 0.0634765625 0.39453125 0.109375 0.078125
0 0.578125 0.013671875 0.0859375 0.02734375
0 0.921875 0.2099609375 0.056640625 0.07421875
0 0.3193359375 0.3935546875 0.15625 0.15234375
0 0.5107421875 0.3740234375 0.099609375 0.09765625
0 0.142578125 0.5029296875 0.087890625 0.076171875
0 0.58203125 0.4130859375 0.146484375 0.111328125
0 0.166015625 0.1171875 0.052734375 0.04296875
0 0.1064453125 0.1318359375 0.060546875 0.05859375
0 0.4609375 0.5244140625 0.109375 0.119140625
0 0.6396484375 0.4951171875 0.1796875 0.154296875
0 0.8447265625 0.4677734375 0.140625 0.146484375
0 0.1337890625 0.681640625 0.130859375 0.107421875
0 0.4580078125 0.6982421875 0.142578125 0.158203125
0 0.251953125 0.7900390625 0.146484375 0.15625
0 0.845703125 0.6572265625 0.1328125 0.14453125
0 0.251953125 0.12890625 0.07421875 0.05859375
0 0.93359375 0.6943359375 0.1328125 0.138671875
0 0.5166015625 0.064453125 0.05078125 0.048828125
0 0.419921875 0.873046875 0.162109375 0.1796875
0 0.939453125 0.8203125 0.12109375 0.1796875
0 0.6142578125 0.06640625 0.1328125 0.10546875
0 0.3115234375 0.15625 0.064453125 0.052734375
0 0.501953125 0.1240234375 0.078125 0.072265625
0 0.724609375 0.0703125 0.11328125 0.09375
0 0.369140625 0.171875 0.076171875 0.0703125
0 0.052734375 0.2666015625 0.064453125 0.0546875
0 0.1572265625 0.2802734375 0.078125 0.0703125
0 0.056640625 0.310546875 0.1015625 0.091796875
0 0.7861328125 0.130859375 0.107421875 0.103515625
0 0.87109375 0.11328125 0.109375 0.11328125