0 0.6572265625 0.291015625 0.09375 0.0849609375
0 0.1015625 0.2919921875 0.099609375 0.0556640625
0 0.697265625 0.0322265625 0.078125 0.04296875
0 0.9794921875 0.3203125 0.041015625 0.06640625
0 0.3505859375 0.353515625 0.1298828125 0.125
0 0.541015625 0.380859375 0.08203125 0.080078125
0 0.15234375 0.416015625 0.076171875 0.05859375
0 0.6005859375 0.435546875 0.1298828125 0.0830078125
0 0.2685546875 0.0478515625 0.0458984375 0.0322265625
0 0.20703125 0.0478515625 0.0498046875 0.0478515625
0 0.4560546875 0.5146484375 0.087890625 0.1015625
0 0.63671875 0.529296875 0.154296875 0.1201171875
0 0.8427734375 0.5517578125 0.1142578125 0.123046875
0 0.1005859375 0.587890625 0.1142578125 0.0830078125
0 0.4111328125 0.6826171875 0.1142578125 0.1337890625
0 0.189453125 0.7216796875 0.1181640625 0.130859375
0 0.796875 0.736328125 0.1064453125 0.123046875
0 0.3486328125 0.080078125 0.06640625 0.04296875
0 0.8798828125 0.794921875 0.1201171875 0.1123046875
0 0.62109375 0.0810546875 0.0419921875 0.0400390625
0 0.33203125 0.8427734375 0.1279296875 0.154296875
0 0.8740234375 0.9248046875 0.142578125 0.150390625
0 0.7158203125 0.1064453125 0.1162109375 0.080078125
0 0.400390625 0.12109375 0.0556640625 0.0400390625
0 0.5927734375 0.1357421875 0.06640625 0.05859375
0 0.822265625 0.1376953125 0.099609375 0.072265625
0 0.4521484375 0.150390625 0.064453125 0.0556640625
0 0.1220703125 0.1650390625 0.0556640625 0.04296875
0 0.220703125 0.2041015625 0.06640625 0.0556640625
0 0.115234375 0.208984375 0.0859375 0.072265625
0 0.8671875 0.2109375 0.08984375 0.0849609375
0 0.953125 0.21484375 0.08984375 0.09375