0 0.630859375 0.2734375 0.103515625 0.095703125
0 0.0791015625 0.341796875 0.10546875 0.068359375
0 0.638671875 0.0185546875 0.08203125 0.037109375
0 0.9541015625 0.263671875 0.048828125 0.0703125
0 0.333984375 0.373046875 0.14453125 0.140625
0 0.5263671875 0.376953125 0.091796875 0.08984375
0 0.14453125 0.458984375 0.08203125 0.068359375
0 0.591796875 0.423828125 0.138671875 0.09765625
0 0.21484375 0.0791015625 0.048828125 0.037109375
0 0.154296875 0.0869140625 0.0546875 0.052734375
0 0.4580078125 0.51953125 0.099609375 0.111328125
0 0.6396484375 0.5126953125 0.16796875 0.138671875
0 0.8466796875 0.509765625 0.12890625 0.13671875
0 0.1142578125 0.6357421875 0.123046875 0.095703125
0 0.43359375 0.6923828125 0.12890625 0.146484375
0 0.21875 0.7578125 0.1328125 0.14453125
0 0.8232421875 0.6982421875 0.12109375 0.134765625
0 0.298828125 0.1015625 0.0703125 0.05078125
0 0.9130859375 0.74609375 0.1328125 0.126953125
0 0.5693359375 0.0693359375 0.046875 0.044921875
0 0.375 0.8603515625 0.146484375 0.16796875
0 0.9208984375 0.8759765625 0.158203125 0.166015625
0 0.666015625 0.0830078125 0.125 0.09375
0 0.3544921875 0.1357421875 0.060546875 0.046875
0 0.5478515625 0.126953125 0.072265625 0.06640625
0 0.775390625 0.1015625 0.107421875 0.083984375
0 0.41015625 0.1591796875 0.0703125 0.0625
0 0.083984375 0.2138671875 0.060546875 0.048828125
0 0.1865234375 0.240234375 0.072265625 0.0625
0 0.0830078125 0.2578125 0.09375 0.08203125
0 0.8291015625 0.16796875 0.099609375 0.095703125
0 0.9150390625 0.162109375 0.1015625 0.103515625