1 0.115234375 0.3837890625 0.185546875 0.208984375
1 0.271484375 0.45703125 0.244140625 0.322265625
1 0.9326171875 0.41015625 0.134765625 0.2265625
1 0.76953125 0.5810546875 0.251953125 0.318359375
1 0.9296875 0.65234375 0.140625 0.19921875
1 0.4267578125 0.76171875 0.2421875 0.31640625
1 0.720703125 0.859375 0.224609375 0.244140625
1 0.931640625 0.8232421875 0.13671875 0.224609375
1 0.7646484375 0.16796875 0.25 0.333984375
1 0.484375 0.2607421875 0.232421875 0.296875
1 0.62890625 0.2548828125 0.21484375 0.28515625