1 0.1416015625 0.318359375 0.15625 0.1845703125
1 0.2822265625 0.41796875 0.1962890625 0.29296875
1 0.9462890625 0.48828125 0.107421875 0.2109375
1 0.7509765625 0.626953125 0.2060546875 0.287109375
1 0.919921875 0.728515625 0.16015625 0.1748046875
1 0.3828125 0.7451171875 0.1943359375 0.287109375
1 0.6552734375 0.892578125 0.1904296875 0.21484375
1 0.908203125 0.9013671875 0.18359375 0.1962890625
1 0.818359375 0.21875 0.2001953125 0.3046875
1 0.5263671875 0.26171875 0.1884765625 0.2685546875
1 0.669921875 0.28125 0.171875 0.259765625