1 0.162109375 0.2822265625 0.173828125 0.19921875
1 0.2919921875 0.3955078125 0.2265625 0.3125
1 0.9404296875 0.5341796875 0.119140625 0.220703125
1 0.736328125 0.65234375 0.234375 0.306640625
1 0.8935546875 0.771484375 0.177734375 0.19140625
1 0.357421875 0.7314453125 0.22265625 0.306640625
1 0.61328125 0.89453125 0.2109375 0.2109375
1 0.86328125 0.9169921875 0.203125 0.166015625
1 0.845703125 0.25390625 0.23046875 0.32421875
1 0.55078125 0.265625 0.21484375 0.287109375
1 0.69140625 0.2998046875 0.197265625 0.275390625