4 0.5341796875 0.361328125 0.05078125 0.146484375
4 0.349609375 0.3935546875 0.0546875 0.134765625
4 0.6669921875 0.4326171875 0.046875 0.123046875
4 0.025390625 0.44140625 0.05078125 0.115234375
4 0.4931640625 0.4501953125 0.0625 0.1484375
4 0.1455078125 0.4599609375 0.0390625 0.087890625
4 0.94921875 0.48828125 0.052734375 0.1171875
4 0.7529296875 0.515625 0.04296875 0.10546875
4 0.83203125 0.5654296875 0.046875 0.1015625
4 0.3125 0.5625 0.056640625 0.12109375
4 0.203125 0.5908203125 0.03125 0.1015625
4 0.490234375 0.6015625 0.05078125 0.15625
4 0.1201171875 0.5966796875 0.0390625 0.15234375
4 0.8984375 0.611328125 0.0625 0.115234375
4 0.25390625 0.6337890625 0.029296875 0.06640625
4 0.3642578125 0.6376953125 0.0546875 0.18359375
4 0.103515625 0.658203125 0.046875 0.185546875
4 0.6650390625 0.6708984375 0.05078125 0.1328125
4 0.275390625 0.7099609375 0.046875 0.111328125
4 0.345703125 0.7900390625 0.0859375 0.234375
4 0.73046875 0.8037109375 0.060546875 0.150390625
4 0.0791015625 0.822265625 0.09765625 0.228515625
4 0.4677734375 0.8876953125 0.0546875 0.22265625
4 0.935546875 0.9150390625 0.05078125 0.169921875
4 0.7822265625 0.91796875 0.060546875 0.15625
4 0.2685546875 0.9228515625 0.07421875 0.1484375