4 0.5517578125 0.3662109375 0.068359375 0.15234375
4 0.36328125 0.3759765625 0.0703125 0.140625
4 0.673828125 0.453125 0.060546875 0.12890625
4 0.0361328125 0.3837890625 0.0625 0.119140625
4 0.4990234375 0.44921875 0.080078125 0.154296875
4 0.15234375 0.4169921875 0.05078125 0.091796875
4 0.947265625 0.54296875 0.06640625 0.123046875
4 0.7490234375 0.5458984375 0.056640625 0.109375
4 0.8212890625 0.60546875 0.060546875 0.107421875
4 0.306640625 0.5390625 0.0703125 0.126953125
4 0.1943359375 0.5537109375 0.044921875 0.10546875
4 0.478515625 0.599609375 0.068359375 0.16015625
4 0.111328125 0.5498046875 0.056640625 0.15625
4 0.8818359375 0.6591796875 0.07421875 0.12109375
4 0.2392578125 0.6025390625 0.037109375 0.068359375
4 0.34765625 0.6201171875 0.076171875 0.1875
4 0.0869140625 0.6083984375 0.0703125 0.189453125
4 0.642578125 0.689453125 0.06640625 0.13671875
4 0.251953125 0.6806640625 0.060546875 0.115234375
4 0.3115234375 0.76953125 0.11328125 0.2421875
4 0.69140625 0.830078125 0.078125 0.15625
4 0.052734375 0.767578125 0.10546875 0.23828125
4 0.4208984375 0.8818359375 0.08203125 0.228515625
4 0.880859375 0.9384765625 0.0703125 0.123046875
4 0.728515625 0.93359375 0.078125 0.1328125
4 0.21875 0.8916015625 0.091796875 0.154296875