4 0.4677734375 0.3603515625 0.0478515625 0.146484375
4 0.65234375 0.396484375 0.0517578125 0.134765625
4 0.333984375 0.4296875 0.0439453125 0.123046875
4 0.9755859375 0.44921875 0.0478515625 0.1142578125
4 0.5078125 0.4501953125 0.0595703125 0.146484375
4 0.85546875 0.4658203125 0.0380859375 0.0869140625
4 0.05078125 0.48046875 0.0498046875 0.1171875
4 0.2470703125 0.5107421875 0.0419921875 0.1044921875
4 0.1669921875 0.5595703125 0.0458984375 0.1015625
4 0.6865234375 0.5654296875 0.0537109375 0.1201171875
4 0.794921875 0.595703125 0.0302734375 0.1015625
4 0.5078125 0.6015625 0.0478515625 0.1552734375
4 0.8779296875 0.603515625 0.0361328125 0.15234375
4 0.099609375 0.6044921875 0.0595703125 0.1142578125
4 0.744140625 0.6376953125 0.0283203125 0.0654296875
4 0.6337890625 0.6396484375 0.0517578125 0.1826171875
4 0.8935546875 0.6650390625 0.0439453125 0.185546875
4 0.33203125 0.66796875 0.0478515625 0.1318359375
4 0.720703125 0.7138671875 0.0458984375 0.1103515625
4 0.6494140625 0.79296875 0.08203125 0.2333984375
4 0.2646484375 0.7998046875 0.0576171875 0.1494140625
4 0.9150390625 0.8291015625 0.09375 0.2275390625
4 0.525390625 0.888671875 0.05078125 0.22265625
4 0.056640625 0.9111328125 0.046875 0.177734375
4 0.2109375 0.9130859375 0.0576171875 0.1552734375
4 0.7236328125 0.9267578125 0.072265625 0.146484375