0 0.7109375 0.4580078125 0.509765625 0.31640625
0 0.833984375 0.62890625 0.0751953125 0.06640625
0 0.6328125 0.654296875 0.072265625 0.06640625
0 0.5751953125 0.6669921875 0.0498046875 0.0751953125
0 0.0810546875 0.6728515625 0.0751953125 0.0625
0 0.833984375 0.7041015625 0.068359375 0.0751953125
0 0.8212890625 0.908203125 0.357421875 0.18359375
0 0.5673828125 0.1650390625 0.041015625 0.037109375
0 0.408203125 0.21484375 0.0595703125 0.029296875
0 0.0390625 0.2392578125 0.072265625 0.0458984375
0 0.365234375 0.25390625 0.0439453125 0.0419921875
0 0.28125 0.2646484375 0.0625 0.0537109375
0 0.3310546875 0.3349609375 0.068359375 0.0458984375