0 0.2861328125 0.4765625 0.53515625 0.359375
0 0.1787109375 0.6572265625 0.080078125 0.072265625
0 0.380859375 0.6650390625 0.078125 0.072265625
0 0.439453125 0.6728515625 0.056640625 0.080078125
0 0.9326171875 0.6357421875 0.080078125 0.068359375
0 0.185546875 0.732421875 0.07421875 0.080078125
0 0.21484375 0.9130859375 0.37109375 0.173828125
0 0.4033203125 0.171875 0.044921875 0.041015625
0 0.56640625 0.2080078125 0.0625 0.03515625
0 0.9365234375 0.2001953125 0.076171875 0.052734375
0 0.61328125 0.2431640625 0.046875 0.044921875
0 0.697265625 0.24609375 0.06640625 0.05859375
0 0.654296875 0.3212890625 0.072265625 0.05078125