0 0.2978515625 0.42578125 0.552734375 0.392578125
0 0.150390625 0.5751953125 0.083984375 0.078125
0 0.3447265625 0.6318359375 0.08203125 0.076171875
0 0.3994140625 0.6533203125 0.060546875 0.08203125
0 0.88671875 0.736328125 0.083984375 0.07421875
0 0.138671875 0.6494140625 0.080078125 0.0859375
0 0.154296875 0.8525390625 0.30859375 0.236328125
0 0.486328125 0.158203125 0.046875 0.04296875
0 0.6357421875 0.232421875 0.0625 0.0390625
0 0.978515625 0.3134765625 0.04296875 0.056640625
0 0.671875 0.2783203125 0.05078125 0.048828125
0 0.7529296875 0.3017578125 0.0703125 0.0625
0 0.6923828125 0.36328125 0.07421875 0.056640625