4 0.5107421875 0.291015625 0.0380859375 0.0693359375
4 0.8779296875 0.3037109375 0.0556640625 0.1064453125
4 0.322265625 0.3251953125 0.0478515625 0.095703125
4 0.740234375 0.3388671875 0.0478515625 0.0908203125
4 0.982421875 0.3408203125 0.03515625 0.083984375
4 0.673828125 0.365234375 0.0556640625 0.095703125
4 0.6171875 0.3681640625 0.0458984375 0.0849609375
4 0.748046875 0.474609375 0.0556640625 0.1015625
4 0.623046875 0.4814453125 0.0615234375 0.0771484375
4 0.93359375 0.595703125 0.068359375 0.1357421875
4 0.603515625 0.189453125 0.0439453125 0.0849609375