4 0.4599609375 0.294921875 0.0546875 0.076171875
4 0.8193359375 0.2177734375 0.080078125 0.1171875
4 0.28515625 0.373046875 0.0703125 0.103515625
4 0.6943359375 0.28515625 0.068359375 0.099609375
4 0.9296875 0.228515625 0.0546875 0.08984375
4 0.6357421875 0.3271484375 0.078125 0.10546875
4 0.58203125 0.34375 0.064453125 0.09375
4 0.734375 0.4150390625 0.078125 0.111328125
4 0.615234375 0.4521484375 0.078125 0.08984375
4 0.9443359375 0.48828125 0.099609375 0.1484375
4 0.525390625 0.173828125 0.0625 0.09375