4 0.525390625 0.2919921875 0.04296875 0.072265625
4 0.890625 0.330078125 0.0625 0.109375
4 0.3349609375 0.3134765625 0.0546875 0.099609375
4 0.7509765625 0.3564453125 0.0546875 0.09375
4 0.9853515625 0.375 0.029296875 0.0859375
4 0.6826171875 0.3779296875 0.0625 0.099609375
4 0.6259765625 0.376953125 0.05078125 0.087890625
4 0.7490234375 0.4921875 0.0625 0.10546875
4 0.6240234375 0.490234375 0.06640625 0.08203125
4 0.92578125 0.6259765625 0.078125 0.140625
4 0.625 0.197265625 0.048828125 0.087890625