4 0.2587890625 0.3076171875 0.138671875 0.15625
4 0.6826171875 0.365234375 0.099609375 0.125
4 0.509765625 0.380859375 0.123046875 0.15234375
4 0.048828125 0.3935546875 0.095703125 0.154296875
4 0.341796875 0.4384765625 0.154296875 0.181640625
4 0.763671875 0.4541015625 0.0546875 0.072265625
4 0.12890625 0.4853515625 0.154296875 0.19140625
4 0.59765625 0.556640625 0.095703125 0.12890625
4 0.416015625 0.6123046875 0.126953125 0.173828125
4 0.296875 0.630859375 0.12890625 0.162109375
4 0.5771484375 0.705078125 0.095703125 0.150390625
4 0.095703125 0.7177734375 0.19140625 0.244140625
4 0.490234375 0.755859375 0.083984375 0.12109375
4 0.63671875 0.79296875 0.08984375 0.1328125
4 0.330078125 0.80078125 0.1328125 0.19140625
4 0.677734375 0.0947265625 0.083984375 0.111328125
4 0.5166015625 0.9296875 0.09375 0.12109375
4 0.2890625 0.0908203125 0.1015625 0.111328125
4 0.578125 0.12109375 0.109375 0.134765625
4 0.3427734375 0.1875 0.091796875 0.1484375
4 0.7490234375 0.2041015625 0.0859375 0.119140625
4 0.4345703125 0.2138671875 0.09765625 0.13671875
4 0.54296875 0.2412109375 0.09375 0.125