4 0.744140625 0.3115234375 0.1357421875 0.154296875
4 0.3193359375 0.3623046875 0.09765625 0.123046875
4 0.4921875 0.380859375 0.1201171875 0.1494140625
4 0.953125 0.4013671875 0.09375 0.15234375
4 0.6591796875 0.44140625 0.150390625 0.1787109375
4 0.2373046875 0.44921875 0.0537109375 0.072265625
4 0.87109375 0.4921875 0.150390625 0.189453125
4 0.4013671875 0.5546875 0.09375 0.1279296875
4 0.58203125 0.61328125 0.1240234375 0.1708984375
4 0.701171875 0.634765625 0.1259765625 0.16015625
4 0.4189453125 0.7041015625 0.09375 0.1494140625
4 0.9033203125 0.7255859375 0.193359375 0.240234375
4 0.5048828125 0.755859375 0.08203125 0.1201171875
4 0.3583984375 0.791015625 0.087890625 0.130859375
4 0.6650390625 0.8037109375 0.1298828125 0.189453125
4 0.3291015625 0.091796875 0.08203125 0.109375
4 0.4755859375 0.9296875 0.091796875 0.1201171875
4 0.7177734375 0.0947265625 0.099609375 0.109375
4 0.4287109375 0.1201171875 0.1064453125 0.1337890625
4 0.6630859375 0.1904296875 0.08984375 0.146484375
4 0.255859375 0.2001953125 0.083984375 0.1171875
4 0.5703125 0.21484375 0.095703125 0.1357421875
4 0.4619140625 0.240234375 0.091796875 0.123046875