4 0.232421875 0.34765625 0.15625 0.171875
4 0.66015625 0.3388671875 0.11328125 0.134765625
4 0.4912109375 0.380859375 0.140625 0.1640625
4 0.046875 0.46484375 0.09375 0.1640625
4 0.333984375 0.4638671875 0.173828125 0.197265625
4 0.7529296875 0.4130859375 0.0625 0.078125
4 0.1318359375 0.5439453125 0.17578125 0.208984375
4 0.60546875 0.5400390625 0.111328125 0.140625
4 0.4345703125 0.6240234375 0.146484375 0.185546875
4 0.3193359375 0.6611328125 0.146484375 0.17578125
4 0.6083984375 0.6904296875 0.11328125 0.16015625
4 0.1318359375 0.779296875 0.224609375 0.265625
4 0.53125 0.75390625 0.09765625 0.130859375
4 0.6806640625 0.7685546875 0.10546875 0.142578125
4 0.37890625 0.8232421875 0.154296875 0.205078125
4 0.6123046875 0.072265625 0.095703125 0.119140625
4 0.583984375 0.921875 0.107421875 0.130859375
4 0.2275390625 0.12890625 0.11328125 0.123046875
4 0.517578125 0.1142578125 0.125 0.146484375
4 0.2958984375 0.2158203125 0.109375 0.158203125
4 0.7001953125 0.1689453125 0.099609375 0.126953125
4 0.390625 0.2275390625 0.11328125 0.1484375
4 0.501953125 0.2373046875 0.107421875 0.134765625