4 0.9423828125 0.3359375 0.0439453125 0.10546875
4 0.8876953125 0.361328125 0.0595703125 0.1328125
4 0.703125 0.4140625 0.1416015625 0.2978515625
4 0.9404296875 0.5107421875 0.095703125 0.1591796875
4 0.58984375 0.55859375 0.064453125 0.1357421875
4 0.6630859375 0.5703125 0.0458984375 0.09375
4 0.05078125 0.6396484375 0.06640625 0.1298828125
4 0.837890625 0.748046875 0.076171875 0.1298828125
4 0.5078125 0.75 0.072265625 0.1083984375
4 0.677734375 0.7646484375 0.076171875 0.1025390625
4 0.9677734375 0.8779296875 0.064453125 0.2197265625
4 0.650390625 0.9501953125 0.0400390625 0.0751953125