4 0.0322265625 0.455078125 0.064453125 0.11328125
4 0.08984375 0.466796875 0.091796875 0.14453125
4 0.28125 0.4697265625 0.212890625 0.32421875
4 0.0771484375 0.6240234375 0.1328125 0.177734375
4 0.4287109375 0.580078125 0.09765625 0.1484375
4 0.3603515625 0.6103515625 0.068359375 0.1015625
4 0.9599609375 0.5185546875 0.080078125 0.142578125
4 0.23828125 0.8271484375 0.107421875 0.14453125
4 0.5576171875 0.7431640625 0.09765625 0.123046875
4 0.396484375 0.8017578125 0.099609375 0.119140625
4 0.1455078125 0.935546875 0.119140625 0.12890625
4 0.470703125 0.9658203125 0.05859375 0.068359375