4 0.0341796875 0.423828125 0.0625 0.111328125
4 0.0927734375 0.4375 0.083984375 0.142578125
4 0.2841796875 0.4541015625 0.1953125 0.3203125
4 0.0693359375 0.5947265625 0.125 0.173828125
4 0.4228515625 0.57421875 0.08984375 0.146484375
4 0.353515625 0.6005859375 0.0625 0.1015625
4 0.9609375 0.55078125 0.078125 0.140625
4 0.2158203125 0.8076171875 0.099609375 0.142578125
4 0.5400390625 0.7470703125 0.091796875 0.12109375
4 0.3759765625 0.7939453125 0.09375 0.115234375
4 0.11328125 0.9228515625 0.10546875 0.154296875
4 0.4384765625 0.96484375 0.052734375 0.0703125