4 0.185546875 0.26171875 0.03515625 0.048828125
4 0.4384765625 0.373046875 0.037109375 0.0546875
4 0.119140625 0.408203125 0.056640625 0.08984375
4 0.943359375 0.591796875 0.0546875 0.0703125
4 0.240234375 0.4697265625 0.048828125 0.080078125
4 0.4287109375 0.51953125 0.0546875 0.07421875
4 0.361328125 0.5166015625 0.068359375 0.095703125
4 0.091796875 0.470703125 0.056640625 0.08203125
4 0.259765625 0.517578125 0.056640625 0.080078125
4 0.7509765625 0.638671875 0.076171875 0.111328125
4 0.5654296875 0.6103515625 0.0625 0.091796875
4 0.888671875 0.7197265625 0.0546875 0.078125
4 0.775390625 0.69921875 0.0625 0.09375
4 0.814453125 0.7119140625 0.060546875 0.111328125
4 0.4580078125 0.6416015625 0.064453125 0.095703125
4 0.1513671875 0.5771484375 0.064453125 0.09765625
4 0.21484375 0.6103515625 0.06640625 0.115234375
4 0.69140625 0.712890625 0.0703125 0.11328125
4 0.01953125 0.6123046875 0.0390625 0.146484375
4 0.8857421875 0.8134765625 0.0625 0.0859375
4 0.7373046875 0.7900390625 0.0625 0.099609375
4 0.453125 0.748046875 0.080078125 0.115234375
4 0.3134765625 0.73828125 0.103515625 0.138671875
4 0.5439453125 0.7998046875 0.078125 0.1171875
4 0.1650390625 0.763671875 0.09375 0.158203125
4 0.05078125 0.7392578125 0.095703125 0.15234375
4 0.373046875 0.8125 0.08984375 0.109375
4 0.5888671875 0.8701171875 0.08203125 0.125
4 0.640625 0.9072265625 0.076171875 0.125
4 0.80078125 0.9462890625 0.078125 0.107421875
4 0.4560546875 0.890625 0.087890625 0.154296875
4 0.2744140625 0.88671875 0.091796875 0.142578125
4 0.7158203125 0.958984375 0.091796875 0.08203125
4 0.849609375 0.9736328125 0.0859375 0.052734375
4 0.119140625 0.8681640625 0.083984375 0.12890625
4 0.5478515625 0.94921875 0.091796875 0.1015625
4 0.16015625 0.2158203125 0.041015625 0.05078125