4 0.142578125 0.33203125 0.0263671875 0.044921875
4 0.4130859375 0.388671875 0.0263671875 0.05078125
4 0.1083984375 0.4892578125 0.0400390625 0.083984375
4 0.953125 0.4970703125 0.0419921875 0.0634765625
4 0.2392578125 0.5244140625 0.0341796875 0.0751953125
4 0.4345703125 0.5341796875 0.0419921875 0.06640625
4 0.3681640625 0.544921875 0.0517578125 0.0869140625
4 0.0947265625 0.556640625 0.0419921875 0.0751953125
4 0.2685546875 0.5673828125 0.0419921875 0.072265625
4 0.7744140625 0.5830078125 0.0556640625 0.1025390625
4 0.5869140625 0.5947265625 0.0458984375 0.083984375
4 0.92578125 0.6337890625 0.0400390625 0.072265625
4 0.810546875 0.6376953125 0.0458984375 0.0869140625
4 0.8515625 0.6416015625 0.0400390625 0.10546875
4 0.48828125 0.6474609375 0.0478515625 0.0869140625
4 0.1748046875 0.6484375 0.0458984375 0.08984375
4 0.244140625 0.6669921875 0.0439453125 0.1083984375
4 0.7314453125 0.66796875 0.0498046875 0.10546875
4 0.03125 0.71484375 0.0576171875 0.1376953125
4 0.9423828125 0.7265625 0.0478515625 0.078125
4 0.7919921875 0.734375 0.0439453125 0.0927734375
4 0.505859375 0.751953125 0.0595703125 0.10546875
4 0.3671875 0.771484375 0.078125 0.1259765625
4 0.60546875 0.7841796875 0.0576171875 0.1083984375
4 0.2275390625 0.8271484375 0.064453125 0.1474609375
4 0.1103515625 0.8271484375 0.068359375 0.1416015625
4 0.4404296875 0.83203125 0.072265625 0.095703125
4 0.6640625 0.84375 0.0595703125 0.1142578125
4 0.72265625 0.869140625 0.0537109375 0.1171875
4 0.890625 0.884765625 0.0537109375 0.123046875
4 0.5380859375 0.8916015625 0.0595703125 0.14453125
4 0.359375 0.9248046875 0.06640625 0.1318359375
4 0.037109375 0.927734375 0.06640625 0.1376953125
4 0.8134765625 0.93359375 0.06640625 0.1318359375
4 0.9501953125 0.93359375 0.0595703125 0.1318359375
4 0.2041015625 0.939453125 0.0595703125 0.1201171875
4 0.642578125 0.9423828125 0.0703125 0.115234375
4 0.1083984375 0.29296875 0.0322265625 0.044921875