4 0.876953125 0.3837890625 0.033203125 0.048828125
4 0.6015625 0.4013671875 0.033203125 0.0546875
4 0.8896484375 0.5439453125 0.05078125 0.087890625
4 0.0517578125 0.43359375 0.05078125 0.068359375
4 0.7548828125 0.560546875 0.044921875 0.080078125
4 0.5595703125 0.54296875 0.05078125 0.072265625
4 0.6240234375 0.5625 0.0625 0.09375
4 0.8935546875 0.6123046875 0.052734375 0.080078125
4 0.7197265625 0.5986328125 0.05078125 0.078125
4 0.216796875 0.5439453125 0.0703125 0.109375
4 0.400390625 0.58203125 0.056640625 0.08984375
4 0.0595703125 0.5732421875 0.048828125 0.076171875
4 0.1728515625 0.5927734375 0.056640625 0.091796875
4 0.1318359375 0.5908203125 0.0546875 0.109375
4 0.4912109375 0.6474609375 0.05859375 0.091796875
4 0.8017578125 0.6923828125 0.05859375 0.095703125
4 0.73046875 0.701171875 0.05859375 0.11328125
4 0.2470703125 0.6337890625 0.064453125 0.111328125
4 0.9345703125 0.7783203125 0.076171875 0.14453125
4 0.0302734375 0.6630859375 0.05859375 0.083984375
4 0.1787109375 0.69140625 0.056640625 0.09765625
4 0.458984375 0.7490234375 0.07421875 0.11328125
4 0.59375 0.787109375 0.095703125 0.134765625
4 0.3564453125 0.7666015625 0.072265625 0.115234375
4 0.724609375 0.8623046875 0.083984375 0.154296875
4 0.83984375 0.8779296875 0.087890625 0.150390625
4 0.5126953125 0.8369140625 0.083984375 0.10546875
4 0.2900390625 0.8173828125 0.07421875 0.12109375
4 0.228515625 0.8349609375 0.0703125 0.123046875
4 0.0595703125 0.826171875 0.0703125 0.12890625
4 0.408203125 0.8828125 0.080078125 0.15234375
4 0.5791015625 0.9345703125 0.083984375 0.130859375
4 0.8974609375 0.95703125 0.083984375 0.0859375
4 0.12890625 0.8857421875 0.083984375 0.140625
4 0.0166015625 0.8662109375 0.033203125 0.138671875
4 0.7314453125 0.9560546875 0.076171875 0.087890625
4 0.296875 0.91796875 0.0859375 0.123046875
4 0.9169921875 0.349609375 0.0390625 0.048828125