3 0.6337890625 0.44921875 0.138671875 0.103515625
3 0.427734375 0.5009765625 0.1796875 0.134765625
3 0.92578125 0.4990234375 0.1484375 0.142578125
3 0.23828125 0.525390625 0.162109375 0.1640625
3 0.111328125 0.6494140625 0.123046875 0.125
3 0.876953125 0.6455078125 0.166015625 0.130859375
3 0.3349609375 0.6875 0.146484375 0.109375
3 0.537109375 0.7578125 0.19140625 0.123046875
3 0.591796875 0.8134765625 0.142578125 0.12890625
3 0.28125 0.8994140625 0.1328125 0.138671875
3 0.1396484375 0.958984375 0.146484375 0.08203125
3 0.8642578125 0.9453125 0.1484375 0.087890625
3 0.55078125 0.158203125 0.12890625 0.1171875
3 0.5244140625 0.291015625 0.123046875 0.11328125
3 0.6396484375 0.3427734375 0.126953125 0.142578125
3 0.4072265625 0.361328125 0.103515625 0.103515625
3 0.294921875 0.400390625 0.142578125 0.083984375
3 0.5009765625 0.400390625 0.150390625 0.12109375