3 0.7431640625 0.60546875 0.255859375 0.271484375
3 0.1982421875 0.625 0.396484375 0.37890625
3 0.509765625 0.7099609375 0.416015625 0.408203125
3 0.833984375 0.8125 0.26171875 0.298828125
3 0.5078125 0.904296875 0.30078125 0.19140625
3 0.955078125 0.2001953125 0.08984375 0.189453125
3 0.7763671875 0.1923828125 0.19921875 0.16015625
3 0.5498046875 0.1455078125 0.271484375 0.197265625
3 0.1708984375 0.2333984375 0.205078125 0.134765625
3 0.8974609375 0.439453125 0.205078125 0.26953125
3 0.2861328125 0.33984375 0.220703125 0.2265625
3 0.541015625 0.4150390625 0.2890625 0.2890625