3 0.7646484375 0.48828125 0.255859375 0.271484375
3 0.2783203125 0.748046875 0.41015625 0.37890625
3 0.6005859375 0.6845703125 0.416015625 0.408203125
3 0.90234375 0.6337890625 0.1953125 0.298828125
3 0.693359375 0.8779296875 0.30078125 0.23046875
3 0.8212890625 0.0517578125 0.185546875 0.103515625
3 0.61328125 0.1015625 0.19921875 0.16015625
3 0.3896484375 0.16015625 0.271484375 0.197265625
3 0.0947265625 0.4052734375 0.189453125 0.134765625
3 0.8525390625 0.2626953125 0.251953125 0.26953125
3 0.2373046875 0.44921875 0.220703125 0.2265625
3 0.4990234375 0.40625 0.2890625 0.2890625