3 0.6357421875 0.4541015625 0.134765625 0.099609375
3 0.427734375 0.498046875 0.1748046875 0.12890625
3 0.9267578125 0.5146484375 0.146484375 0.1376953125
3 0.2373046875 0.5166015625 0.15625 0.158203125
3 0.1064453125 0.6357421875 0.119140625 0.12109375
3 0.8720703125 0.658203125 0.162109375 0.125
3 0.328125 0.681640625 0.1435546875 0.1044921875
3 0.5283203125 0.7587890625 0.1875 0.1162109375
3 0.5810546875 0.81640625 0.1376953125 0.125
3 0.267578125 0.8916015625 0.1279296875 0.1337890625
3 0.125 0.9541015625 0.1435546875 0.091796875
3 0.8486328125 0.9580078125 0.146484375 0.0830078125
3 0.5625 0.16015625 0.125 0.1123046875
3 0.53125 0.2919921875 0.119140625 0.1083984375
3 0.6455078125 0.34765625 0.1220703125 0.1376953125
3 0.412109375 0.3583984375 0.099609375 0.099609375
3 0.298828125 0.3935546875 0.140625 0.0791015625
3 0.5048828125 0.400390625 0.146484375 0.1162109375