3 0.359375 0.4736328125 0.146484375 0.1171875
3 0.5712890625 0.48828125 0.19140625 0.15234375
3 0.080078125 0.57421875 0.16015625 0.15625
3 0.7626953125 0.4794921875 0.17578125 0.177734375
3 0.908203125 0.580078125 0.134765625 0.13671875
3 0.1533203125 0.7080078125 0.177734375 0.146484375
3 0.6953125 0.65625 0.15625 0.123046875
3 0.5078125 0.759765625 0.201171875 0.140625
3 0.4638671875 0.82421875 0.154296875 0.142578125
3 0.7841796875 0.85546875 0.14453125 0.150390625
3 0.9287109375 0.8974609375 0.142578125 0.111328125
3 0.21875 0.974609375 0.15625 0.05078125
3 0.390625 0.171875 0.138671875 0.12890625
3 0.4404296875 0.298828125 0.1328125 0.123046875
3 0.3349609375 0.369140625 0.140625 0.154296875
3 0.5673828125 0.34765625 0.11328125 0.11328125
3 0.6845703125 0.3662109375 0.150390625 0.09765625
3 0.4814453125 0.40234375 0.162109375 0.134765625