3 0.7607421875 0.5478515625 0.208984375 0.2294921875
3 0.228515625 0.69140625 0.349609375 0.30859375
3 0.556640625 0.7021484375 0.349609375 0.337890625
3 0.8955078125 0.7294921875 0.208984375 0.2587890625
3 0.603515625 0.912109375 0.2685546875 0.1748046875
3 0.9228515625 0.0947265625 0.154296875 0.158203125
3 0.7001953125 0.1376953125 0.1748046875 0.125
3 0.46875 0.1435546875 0.244140625 0.1455078125
3 0.119140625 0.314453125 0.1875 0.095703125
3 0.896484375 0.34765625 0.2060546875 0.2294921875
3 0.255859375 0.3916015625 0.181640625 0.19140625
3 0.5205078125 0.408203125 0.240234375 0.2412109375