4 0.3759765625 0.4765625 0.041015625 0.095703125
4 0.626953125 0.4443359375 0.064453125 0.1171875
4 0.478515625 0.4853515625 0.048828125 0.1015625
4 0.404296875 0.5087890625 0.048828125 0.11328125
4 0.6943359375 0.4482421875 0.05078125 0.125
4 0.3515625 0.5341796875 0.064453125 0.130859375
4 0.8291015625 0.42578125 0.060546875 0.126953125
4 0.2607421875 0.5595703125 0.060546875 0.107421875
4 0.7392578125 0.4580078125 0.048828125 0.09765625
4 0.3076171875 0.5615234375 0.048828125 0.09765625
4 0.8662109375 0.443359375 0.060546875 0.126953125
4 0.451171875 0.5390625 0.06640625 0.15234375
4 0.8974609375 0.451171875 0.052734375 0.11328125
4 0.091796875 0.642578125 0.052734375 0.11328125
4 0.7841796875 0.484375 0.05859375 0.119140625
4 0.576171875 0.5439453125 0.064453125 0.140625
4 0.5068359375 0.5615234375 0.05078125 0.1171875
4 0.6484375 0.53515625 0.052734375 0.12109375
4 0.9453125 0.466796875 0.0546875 0.091796875
4 0.1728515625 0.6533203125 0.0546875 0.12109375
4 0.736328125 0.525390625 0.0546875 0.109375
4 0.4140625 0.611328125 0.0546875 0.12109375
4 0.3505859375 0.634765625 0.060546875 0.130859375
4 0.087890625 0.7216796875 0.060546875 0.115234375
4 0.228515625 0.7041015625 0.060546875 0.126953125
4 0.494140625 0.6572265625 0.0625 0.1171875
4 0.1455078125 0.73828125 0.048828125 0.09765625
4 0.1875 0.23046875 0.0625 0.103515625
4 0.134765625 0.251953125 0.056640625 0.095703125
4 0.8779296875 0.083984375 0.060546875 0.103515625
4 0.3642578125 0.2060546875 0.05859375 0.076171875
4 0.7158203125 0.1376953125 0.056640625 0.099609375
4 0.0654296875 0.2919921875 0.048828125 0.11328125
4 0.767578125 0.138671875 0.05859375 0.107421875
4 0.0927734375 0.298828125 0.048828125 0.09765625
4 0.5634765625 0.1953125 0.06640625 0.13671875
4 0.4521484375 0.224609375 0.05859375 0.130859375
4 0.486328125 0.224609375 0.05859375 0.107421875
4 0.69921875 0.1748046875 0.0390625 0.080078125
4 0.6826171875 0.1796875 0.052734375 0.11328125
4 0.052734375 0.326171875 0.046875 0.1015625
4 0.27734375 0.27734375 0.056640625 0.123046875
4 0.3046875 0.271484375 0.05078125 0.10546875
4 0.0224609375 0.33984375 0.044921875 0.09765625
4 0.369140625 0.2607421875 0.048828125 0.07421875
4 0.626953125 0.2119140625 0.0546875 0.103515625
4 0.6005859375 0.2177734375 0.0546875 0.103515625
4 0.529296875 0.236328125 0.052734375 0.08984375
4 0.009765625 0.3583984375 0.01953125 0.080078125
4 0.41796875 0.2626953125 0.05078125 0.09765625
4 0.6640625 0.212890625 0.056640625 0.109375
4 0.123046875 0.341796875 0.044921875 0.091796875
4 0.8330078125 0.177734375 0.0546875 0.103515625
4 0.8720703125 0.1708984375 0.048828125 0.08203125
4 0.3359375 0.318359375 0.05078125 0.0859375
4 0.26171875 0.451171875 0.05859375 0.107421875
4 0.75390625 0.34375 0.046875 0.1015625
4 0.5322265625 0.4052734375 0.05859375 0.130859375