4 0.400390625 0.4228515625 0.04296875 0.095703125
4 0.6376953125 0.5078125 0.06640625 0.1171875
4 0.4873046875 0.4765625 0.05078125 0.1015625
4 0.41015625 0.46484375 0.05078125 0.11328125
4 0.697265625 0.5419921875 0.052734375 0.125
4 0.3525390625 0.462890625 0.06640625 0.1328125
4 0.826171875 0.5830078125 0.0625 0.126953125
4 0.2607421875 0.4443359375 0.0625 0.107421875
4 0.7314453125 0.5712890625 0.05078125 0.09765625
4 0.30078125 0.4677734375 0.05078125 0.09765625
4 0.8515625 0.6162109375 0.0625 0.126953125
4 0.4384765625 0.5126953125 0.068359375 0.15234375
4 0.8759765625 0.63671875 0.0546875 0.11328125
4 0.0712890625 0.44140625 0.0546875 0.11328125
4 0.759765625 0.615234375 0.060546875 0.119140625
4 0.5478515625 0.5732421875 0.06640625 0.140625
4 0.478515625 0.5576171875 0.052734375 0.1171875
4 0.6162109375 0.5986328125 0.0546875 0.12109375
4 0.912109375 0.671875 0.0546875 0.091796875
4 0.138671875 0.48828125 0.056640625 0.12109375
4 0.69921875 0.6298828125 0.056640625 0.109375
4 0.373046875 0.5595703125 0.056640625 0.12109375
4 0.3056640625 0.5517578125 0.0625 0.130859375
4 0.0322265625 0.509765625 0.0625 0.115234375
4 0.1650390625 0.55859375 0.0625 0.126953125
4 0.423828125 0.6376953125 0.064453125 0.1171875
4 0.0751953125 0.55078125 0.05078125 0.09765625
4 0.34375 0.1181640625 0.0625 0.10546875
4 0.287109375 0.11328125 0.056640625 0.095703125
4 0.5126953125 0.17578125 0.060546875 0.076171875
4 0.857421875 0.275390625 0.05859375 0.099609375
4 0.20703125 0.1171875 0.05078125 0.11328125
4 0.90234375 0.2998046875 0.060546875 0.107421875
4 0.228515625 0.1357421875 0.05078125 0.09765625
4 0.6943359375 0.2578125 0.068359375 0.13671875
4 0.5830078125 0.232421875 0.060546875 0.130859375
4 0.61328125 0.248046875 0.060546875 0.107421875
4 0.8251953125 0.3017578125 0.041015625 0.080078125
4 0.80859375 0.296875 0.0546875 0.11328125
4 0.1806640625 0.142578125 0.048828125 0.1015625
4 0.40234375 0.201171875 0.05859375 0.123046875
4 0.4296875 0.2080078125 0.052734375 0.10546875
4 0.14453125 0.140625 0.052734375 0.09765625
4 0.4921875 0.2275390625 0.048828125 0.07421875
4 0.744140625 0.30078125 0.056640625 0.103515625
4 0.7177734375 0.294921875 0.056640625 0.103515625
4 0.6455078125 0.2783203125 0.0546875 0.08984375
4 0.119140625 0.1474609375 0.041015625 0.080078125
4 0.53515625 0.2509765625 0.052734375 0.09765625
4 0.7763671875 0.318359375 0.05859375 0.111328125
4 0.2353515625 0.1875 0.046875 0.091796875
4 0.943359375 0.3642578125 0.056640625 0.103515625
4 0.9775390625 0.375 0.044921875 0.08203125
4 0.4365234375 0.263671875 0.052734375 0.0859375
4 0.310546875 0.34765625 0.060546875 0.107421875
4 0.796875 0.4755859375 0.048828125 0.1015625
4 0.5712890625 0.4306640625 0.060546875 0.130859375