4 0.615234375 0.44921875 0.021484375 0.0927734375
4 0.3642578125 0.474609375 0.041015625 0.1103515625
4 0.517578125 0.48046875 0.0283203125 0.09765625
4 0.595703125 0.4873046875 0.025390625 0.1103515625
4 0.298828125 0.4931640625 0.0234375 0.123046875
4 0.65234375 0.5 0.0361328125 0.126953125
4 0.1630859375 0.501953125 0.033203125 0.123046875
4 0.74609375 0.50390625 0.0390625 0.1015625
4 0.2578125 0.5126953125 0.0283203125 0.0927734375
4 0.701171875 0.5166015625 0.029296875 0.0927734375
4 0.130859375 0.52734375 0.0341796875 0.123046875
4 0.556640625 0.52734375 0.033203125 0.1484375
4 0.1015625 0.5419921875 0.0283203125 0.1103515625
4 0.9296875 0.546875 0.0283203125 0.1103515625
4 0.2197265625 0.548828125 0.033203125 0.1142578125
4 0.435546875 0.5595703125 0.0341796875 0.1357421875
4 0.5068359375 0.5615234375 0.0263671875 0.1142578125
4 0.36328125 0.5673828125 0.0263671875 0.1181640625
4 0.05859375 0.5673828125 0.0361328125 0.0849609375
4 0.853515625 0.576171875 0.029296875 0.1181640625
4 0.275390625 0.578125 0.03125 0.10546875
4 0.6083984375 0.5888671875 0.029296875 0.1181640625
4 0.67578125 0.59765625 0.033203125 0.126953125
4 0.951171875 0.623046875 0.0361328125 0.1103515625
4 0.810546875 0.6376953125 0.033203125 0.123046875
4 0.541015625 0.65234375 0.0390625 0.1103515625
4 0.8994140625 0.65234375 0.029296875 0.0927734375
4 0.744140625 0.1669921875 0.041015625 0.09765625
4 0.7998046875 0.17578125 0.037109375 0.0888671875
4 0.0380859375 0.1796875 0.0390625 0.09765625
4 0.56640625 0.1826171875 0.044921875 0.0673828125
4 0.2080078125 0.1953125 0.037109375 0.0927734375
4 0.876953125 0.19921875 0.025390625 0.1103515625
4 0.158203125 0.2080078125 0.037109375 0.1015625
4 0.8515625 0.2119140625 0.0283203125 0.0927734375
4 0.3701171875 0.2177734375 0.037109375 0.1318359375
4 0.484375 0.220703125 0.03125 0.126953125
4 0.451171875 0.228515625 0.0361328125 0.1015625
4 0.232421875 0.228515625 0.0234375 0.076171875
4 0.25 0.228515625 0.0283203125 0.1103515625
4 0.896484375 0.23046875 0.025390625 0.09765625
4 0.6669921875 0.2333984375 0.03125 0.1181640625
4 0.638671875 0.2333984375 0.0283203125 0.1015625
4 0.931640625 0.2373046875 0.03125 0.0927734375
4 0.5732421875 0.2373046875 0.0341796875 0.0673828125
4 0.3115234375 0.248046875 0.033203125 0.09765625
4 0.3388671875 0.248046875 0.0341796875 0.09765625
4 0.412109375 0.25 0.0341796875 0.0849609375
4 0.955078125 0.25 0.0234375 0.076171875
4 0.5263671875 0.25 0.03125 0.0927734375
4 0.275390625 0.2568359375 0.033203125 0.10546875
4 0.83203125 0.2607421875 0.0263671875 0.0888671875
4 0.1025390625 0.2607421875 0.033203125 0.09765625
4 0.0634765625 0.2626953125 0.033203125 0.076171875
4 0.619140625 0.2861328125 0.0341796875 0.080078125
4 0.720703125 0.3984375 0.037109375 0.1015625
4 0.2177734375 0.404296875 0.0263671875 0.09765625
4 0.447265625 0.4150390625 0.03125 0.126953125