3 0.51171875 0.302734375 0.0478515625 0.1171875
3 0.916015625 0.310546875 0.0556640625 0.1142578125
3 0.814453125 0.3203125 0.068359375 0.10546875
3 0.21484375 0.3408203125 0.0615234375 0.078125
3 0.048828125 0.3525390625 0.0576171875 0.072265625
3 0.3037109375 0.353515625 0.072265625 0.0634765625
3 0.9677734375 0.373046875 0.064453125 0.1142578125
3 0.4287109375 0.3857421875 0.07421875 0.1142578125
3 0.6474609375 0.388671875 0.0498046875 0.078125
3 0.4501953125 0.4189453125 0.0556640625 0.083984375
3 0.04296875 0.421875 0.0703125 0.083984375
3 0.1162109375 0.4384765625 0.076171875 0.1591796875
3 0.2548828125 0.4443359375 0.0859375 0.1357421875
3 0.5322265625 0.458984375 0.1083984375 0.1953125
3 0.9677734375 0.541015625 0.064453125 0.2197265625
3 0.8095703125 0.591796875 0.259765625 0.466796875
3 0.2158203125 0.6025390625 0.1201171875 0.19921875
3 0.3525390625 0.625 0.2099609375 0.3828125
3 0.5830078125 0.2861328125 0.0419921875 0.072265625