3 0.505859375 0.302734375 0.05859375 0.12109375
3 0.1025390625 0.275390625 0.064453125 0.119140625
3 0.2021484375 0.2939453125 0.078125 0.111328125
3 0.7978515625 0.3662109375 0.068359375 0.083984375
3 0.9619140625 0.392578125 0.064453125 0.076171875
3 0.7080078125 0.37109375 0.078125 0.0703125
3 0.044921875 0.3330078125 0.07421875 0.119140625
3 0.5810546875 0.392578125 0.083984375 0.12109375
3 0.36328125 0.3759765625 0.056640625 0.08203125
3 0.556640625 0.423828125 0.0625 0.087890625
3 0.9609375 0.4609375 0.078125 0.08984375
3 0.8876953125 0.4716796875 0.08984375 0.166015625
3 0.7490234375 0.4658203125 0.09765625 0.142578125
3 0.4716796875 0.4560546875 0.125 0.203125
3 0.0361328125 0.4990234375 0.072265625 0.224609375
3 0.18359375 0.564453125 0.298828125 0.48828125
3 0.7744140625 0.626953125 0.13671875 0.208984375
3 0.6357421875 0.6376953125 0.2421875 0.400390625
3 0.435546875 0.279296875 0.048828125 0.076171875