3 0.5322265625 0.3046875 0.060546875 0.12109375
3 0.93359375 0.35546875 0.06640625 0.119140625
3 0.8310546875 0.3544921875 0.078125 0.111328125
3 0.2333984375 0.3115234375 0.0703125 0.083984375
3 0.06640625 0.306640625 0.064453125 0.078125
3 0.3203125 0.333984375 0.078125 0.0703125
3 0.9697265625 0.421875 0.060546875 0.12109375
3 0.44140625 0.37890625 0.0859375 0.12109375
3 0.658203125 0.404296875 0.05859375 0.08203125
3 0.458984375 0.4140625 0.064453125 0.08984375
3 0.0537109375 0.375 0.078125 0.091796875
3 0.125 0.3984375 0.091796875 0.166015625
3 0.26171875 0.4189453125 0.099609375 0.14453125
3 0.5361328125 0.462890625 0.12890625 0.205078125
3 0.9580078125 0.5888671875 0.083984375 0.224609375
3 0.7978515625 0.6240234375 0.306640625 0.4921875
3 0.20703125 0.572265625 0.140625 0.2109375
3 0.33984375 0.609375 0.248046875 0.40234375
3 0.6044921875 0.2958984375 0.048828125 0.076171875