3 0.1064453125 0.4599609375 0.099609375 0.095703125
3 0.650390625 0.4814453125 0.068359375 0.095703125
3 0.1328125 0.59375 0.115234375 0.12109375
3 0.9345703125 0.625 0.09375 0.125
3 0.5830078125 0.7392578125 0.115234375 0.095703125
3 0.7236328125 0.181640625 0.052734375 0.0537109375
3 0.697265625 0.216796875 0.056640625 0.05859375
3 0.171875 0.2314453125 0.0498046875 0.0537109375
3 0.8076171875 0.251953125 0.046875 0.0625
3 0.958984375 0.2900390625 0.0810546875 0.0791015625
3 0.3046875 0.2919921875 0.0908203125 0.091796875
3 0.900390625 0.2919921875 0.0498046875 0.06640625
3 0.392578125 0.31640625 0.072265625 0.091796875
3 0.103515625 0.3349609375 0.0625 0.0791015625