3 0.8837890625 0.4052734375 0.111328125 0.109375
3 0.3486328125 0.5029296875 0.080078125 0.103515625
3 0.876953125 0.5419921875 0.130859375 0.13671875
3 0.0869140625 0.6845703125 0.109375 0.13671875
3 0.451171875 0.748046875 0.126953125 0.111328125
3 0.234375 0.2158203125 0.060546875 0.060546875
3 0.265625 0.2470703125 0.064453125 0.06640625
3 0.787109375 0.1884765625 0.056640625 0.060546875
3 0.1611328125 0.296875 0.0546875 0.068359375
3 0.03125 0.35546875 0.0625 0.08984375
3 0.6640625 0.2666015625 0.103515625 0.103515625
3 0.07421875 0.349609375 0.05859375 0.072265625
3 0.5810546875 0.3037109375 0.083984375 0.1015625
3 0.8701171875 0.28125 0.072265625 0.087890625