3 0.1044921875 0.4873046875 0.10546875 0.1015625
3 0.6484375 0.470703125 0.07421875 0.099609375
3 0.140625 0.619140625 0.123046875 0.12890625
3 0.9423828125 0.5947265625 0.1015625 0.130859375
3 0.599609375 0.732421875 0.12109375 0.103515625
3 0.701171875 0.1669921875 0.056640625 0.056640625
3 0.6767578125 0.2041015625 0.060546875 0.0625
3 0.154296875 0.2548828125 0.052734375 0.056640625
3 0.7900390625 0.2314453125 0.05078125 0.06640625
3 0.943359375 0.2587890625 0.0859375 0.083984375
3 0.291015625 0.3056640625 0.09765625 0.09765625
3 0.884765625 0.2646484375 0.0546875 0.0703125
3 0.3798828125 0.32421875 0.078125 0.095703125
3 0.0927734375 0.36328125 0.068359375 0.083984375