0 0.3701171875 0.3193359375 0.15625 0.10546875
0 0.71484375 0.33203125 0.150390625 0.111328125
0 0.9091796875 0.408203125 0.0537109375 0.1083984375
0 0.7216796875 0.466796875 0.16015625 0.0810546875
0 0.31640625 0.4697265625 0.1201171875 0.111328125
0 0.7138671875 0.5390625 0.1083984375 0.0693359375
0 0.88671875 0.609375 0.0302734375 0.060546875
0 0.9609375 0.6142578125 0.078125 0.10546875
0 0.4140625 0.6484375 0.076171875 0.1318359375
0 0.6904296875 0.6484375 0.1318359375 0.072265625
0 0.802734375 0.74609375 0.1064453125 0.056640625
0 0.3330078125 0.7646484375 0.0576171875 0.0693359375
0 0.1298828125 0.7705078125 0.0478515625 0.0634765625
0 0.45703125 0.8388671875 0.1259765625 0.111328125
0 0.8876953125 0.87109375 0.1279296875 0.173828125
0 0.9755859375 0.8779296875 0.0478515625 0.1474609375
0 0.294921875 0.927734375 0.1982421875 0.14453125
0 0.8095703125 0.9501953125 0.076171875 0.0986328125
0 0.677734375 0.208984375 0.0595703125 0.0634765625