0 0.5966796875 0.2998046875 0.171875 0.130859375
0 0.2587890625 0.3720703125 0.16796875 0.13671875
0 0.0810546875 0.48046875 0.072265625 0.115234375
0 0.2763671875 0.505859375 0.171875 0.107421875
0 0.67578125 0.4384765625 0.13671875 0.130859375
0 0.2958984375 0.5751953125 0.119140625 0.087890625
0 0.1376953125 0.6748046875 0.041015625 0.064453125
0 0.0654296875 0.6923828125 0.095703125 0.1171875
0 0.6103515625 0.630859375 0.09765625 0.142578125
0 0.337890625 0.6796875 0.142578125 0.09375
0 0.244140625 0.794921875 0.115234375 0.07421875
0 0.7099609375 0.7314453125 0.068359375 0.078125
0 0.9111328125 0.7021484375 0.05859375 0.0703125
0 0.6015625 0.826171875 0.142578125 0.130859375
0 0.181640625 0.91796875 0.15625 0.1640625
0 0.0966796875 0.9384765625 0.072265625 0.123046875
0 0.7763671875 0.8857421875 0.220703125 0.177734375
0 0.2724609375 0.970703125 0.091796875 0.05859375
0 0.2744140625 0.244140625 0.0703125 0.072265625