0 0.361328125 0.326171875 0.162109375 0.11328125
0 0.7060546875 0.3212890625 0.15625 0.119140625
0 0.904296875 0.38671875 0.05859375 0.111328125
0 0.7197265625 0.455078125 0.1640625 0.08984375
0 0.3154296875 0.4794921875 0.125 0.1171875
0 0.7158203125 0.52734375 0.111328125 0.07421875
0 0.8916015625 0.5888671875 0.033203125 0.0625
0 0.9619140625 0.58984375 0.076171875 0.109375
0 0.421875 0.65234375 0.08203125 0.134765625
0 0.6982421875 0.638671875 0.134765625 0.078125
0 0.8154296875 0.7294921875 0.109375 0.0625
0 0.3466796875 0.7734375 0.060546875 0.072265625
0 0.14453125 0.7890625 0.05078125 0.06640625
0 0.474609375 0.8408203125 0.130859375 0.1171875
0 0.90625 0.8505859375 0.13671875 0.1796875
0 0.9833984375 0.8525390625 0.033203125 0.150390625
0 0.3173828125 0.9296875 0.205078125 0.140625
0 0.8330078125 0.93359375 0.08203125 0.1015625
0 0.662109375 0.2001953125 0.0625 0.06640625