3 0.8642578125 0.5791015625 0.12109375 0.130859375
3 0.4833984375 0.5771484375 0.208984375 0.20703125
3 0.1845703125 0.583984375 0.181640625 0.16015625
3 0.603515625 0.7626953125 0.150390625 0.11328125
3 0.7734375 0.9111328125 0.189453125 0.166015625
3 0.2294921875 0.87890625 0.232421875 0.185546875
3 0.3779296875 0.11328125 0.185546875 0.19921875
3 0.650390625 0.1748046875 0.310546875 0.244140625
3 0.736328125 0.279296875 0.271484375 0.216796875
3 0.380859375 0.310546875 0.248046875 0.212890625
3 0.8037109375 0.427734375 0.16015625 0.126953125