3 0.8701171875 0.5478515625 0.11328125 0.123046875
3 0.490234375 0.578125 0.197265625 0.1953125
3 0.193359375 0.611328125 0.173828125 0.146484375
3 0.6259765625 0.7529296875 0.14453125 0.103515625
3 0.8076171875 0.8857421875 0.1796875 0.15234375
3 0.263671875 0.9013671875 0.22265625 0.169921875
3 0.3447265625 0.1259765625 0.173828125 0.1875
3 0.62109375 0.1630859375 0.296875 0.224609375
3 0.716796875 0.259765625 0.259765625 0.19921875
3 0.3642578125 0.322265625 0.236328125 0.1953125
3 0.796875 0.4013671875 0.15234375 0.115234375