3 0.126953125 0.501953125 0.099609375 0.1123046875
3 0.5 0.5791015625 0.1767578125 0.1748046875
3 0.791015625 0.6474609375 0.1591796875 0.12890625
3 0.34375 0.7353515625 0.1357421875 0.087890625
3 0.1474609375 0.845703125 0.1650390625 0.1337890625
3 0.685546875 0.9267578125 0.2060546875 0.1455078125
3 0.7001953125 0.1474609375 0.1533203125 0.1708984375
3 0.4208984375 0.150390625 0.2763671875 0.19140625
3 0.314453125 0.2353515625 0.2412109375 0.1708984375
3 0.65625 0.33984375 0.2177734375 0.1708984375
3 0.2177734375 0.3662109375 0.1416015625 0.099609375