4 0.3525390625 0.32421875 0.0703125 0.1259765625
4 0.0693359375 0.375 0.08984375 0.1083984375
4 0.509765625 0.3916015625 0.083984375 0.1767578125
4 0.9140625 0.4658203125 0.171875 0.150390625
4 0.158203125 0.48046875 0.072265625 0.1376953125
4 0.0830078125 0.4921875 0.0859375 0.150390625
4 0.6904296875 0.623046875 0.2041015625 0.291015625
4 0.130859375 0.63671875 0.1181640625 0.1806640625
4 0.490234375 0.6728515625 0.16015625 0.16796875
4 0.6494140625 0.92578125 0.158203125 0.1484375
4 0.4736328125 0.927734375 0.17578125 0.14453125
4 0.7548828125 0.0947265625 0.078125 0.0927734375
4 0.3974609375 0.1650390625 0.078125 0.1201171875
4 0.2861328125 0.1728515625 0.080078125 0.0810546875
4 0.54296875 0.212890625 0.1259765625 0.16796875
4 0.4423828125 0.2431640625 0.103515625 0.1142578125
4 0.0654296875 0.2509765625 0.06640625 0.1171875
4 0.2587890625 0.2626953125 0.0576171875 0.111328125