4 0.6279296875 0.3095703125 0.083984375 0.1328125
4 0.9150390625 0.3310546875 0.1015625 0.1171875
4 0.478515625 0.3935546875 0.1015625 0.18359375
4 0.0888671875 0.509765625 0.177734375 0.16796875
4 0.837890625 0.4453125 0.0859375 0.14453125
4 0.9140625 0.4482421875 0.1015625 0.158203125
4 0.3232421875 0.642578125 0.234375 0.310546875
4 0.8818359375 0.59765625 0.13671875 0.19140625
4 0.52734375 0.6708984375 0.177734375 0.18359375
4 0.3955078125 0.9287109375 0.173828125 0.142578125
4 0.5712890625 0.9208984375 0.189453125 0.158203125
4 0.2041015625 0.1240234375 0.087890625 0.099609375
4 0.5673828125 0.15625 0.08984375 0.126953125
4 0.6787109375 0.15234375 0.087890625 0.08984375
4 0.427734375 0.21875 0.142578125 0.1796875
4 0.5302734375 0.23828125 0.115234375 0.125
4 0.90625 0.20703125 0.078125 0.123046875
4 0.71484375 0.2392578125 0.068359375 0.1171875