4 0.6005859375 0.2939453125 0.099609375 0.138671875
4 0.8876953125 0.2744140625 0.11328125 0.126953125
4 0.4638671875 0.3974609375 0.125 0.19140625
4 0.095703125 0.56640625 0.19140625 0.1875
4 0.8271484375 0.3984375 0.103515625 0.150390625
4 0.90234375 0.3916015625 0.119140625 0.166015625
4 0.3447265625 0.6650390625 0.267578125 0.33203125
4 0.8916015625 0.54296875 0.158203125 0.203125
4 0.5517578125 0.6650390625 0.1953125 0.201171875
4 0.4580078125 0.9287109375 0.189453125 0.142578125
4 0.62890625 0.908203125 0.205078125 0.18359375
4 0.154296875 0.16796875 0.09765625 0.109375
4 0.5185546875 0.150390625 0.10546875 0.134765625
4 0.6279296875 0.130859375 0.09765625 0.09765625
4 0.388671875 0.2314453125 0.162109375 0.193359375
4 0.494140625 0.2373046875 0.12890625 0.13671875
4 0.861328125 0.1533203125 0.09375 0.12890625
4 0.6767578125 0.2109375 0.08203125 0.12109375