4 0.34765625 0.421875 0.080078125 0.146484375
4 0.80078125 0.443359375 0.1171875 0.1640625
4 0.8876953125 0.4560546875 0.09375 0.134765625
4 0.1123046875 0.484375 0.0703125 0.10546875
4 0.6025390625 0.53125 0.10546875 0.142578125
4 0.22265625 0.5615234375 0.095703125 0.1640625
4 0.3984375 0.599609375 0.12109375 0.1484375
4 0.111328125 0.6171875 0.1328125 0.15625
4 0.7841796875 0.763671875 0.11328125 0.205078125
4 0.8515625 0.7626953125 0.078125 0.197265625
4 0.3935546875 0.0830078125 0.08984375 0.130859375
4 0.046875 0.826171875 0.083984375 0.146484375
4 0.45703125 0.82421875 0.142578125 0.15625
4 0.662109375 0.822265625 0.095703125 0.16796875
4 0.158203125 0.87890625 0.10546875 0.1640625
4 0.61328125 0.8916015625 0.08984375 0.15625
4 0.2119140625 0.1044921875 0.1015625 0.1171875
4 0.4609375 0.14453125 0.0859375 0.123046875
4 0.6630859375 0.1787109375 0.1328125 0.140625
4 0.828125 0.17578125 0.109375 0.146484375
4 0.0673828125 0.251953125 0.1328125 0.1640625
4 0.205078125 0.2548828125 0.109375 0.126953125
4 0.40234375 0.25390625 0.078125 0.123046875
4 0.5107421875 0.3212890625 0.080078125 0.126953125
4 0.6279296875 0.341796875 0.115234375 0.130859375
4 0.28125 0.3564453125 0.0703125 0.11328125