4 0.662109375 0.443359375 0.099609375 0.15625
4 0.2099609375 0.4013671875 0.138671875 0.177734375
4 0.1220703125 0.40234375 0.111328125 0.146484375
4 0.88671875 0.5380859375 0.083984375 0.11328125
4 0.39453125 0.5166015625 0.125 0.15625
4 0.765625 0.599609375 0.1171875 0.173828125
4 0.5869140625 0.6123046875 0.140625 0.162109375
4 0.8681640625 0.669921875 0.154296875 0.173828125
4 0.1826171875 0.7216796875 0.140625 0.21875
4 0.115234375 0.7109375 0.10546875 0.205078125
4 0.6640625 0.1015625 0.107421875 0.140625
4 0.9033203125 0.88671875 0.103515625 0.15625
4 0.498046875 0.8271484375 0.162109375 0.173828125
4 0.294921875 0.796875 0.119140625 0.1796875
4 0.7861328125 0.9169921875 0.126953125 0.166015625
4 0.3330078125 0.8720703125 0.111328125 0.166015625
4 0.8408203125 0.1484375 0.1171875 0.130859375
4 0.5888671875 0.1533203125 0.1015625 0.1328125
4 0.3828125 0.1591796875 0.150390625 0.15625
4 0.2197265625 0.1337890625 0.126953125 0.16015625
4 0.9423828125 0.314453125 0.115234375 0.1796875
4 0.826171875 0.298828125 0.125 0.140625
4 0.6318359375 0.26953125 0.09375 0.130859375
4 0.5146484375 0.3212890625 0.09765625 0.134765625
4 0.3955078125 0.3251953125 0.130859375 0.14453125
4 0.736328125 0.3876953125 0.0859375 0.12109375