4 0.6513671875 0.4189453125 0.078125 0.1455078125
4 0.1982421875 0.4482421875 0.115234375 0.162109375
4 0.111328125 0.462890625 0.0908203125 0.1337890625
4 0.8876953125 0.4775390625 0.068359375 0.1044921875
4 0.3984375 0.533203125 0.103515625 0.1416015625
4 0.7783203125 0.556640625 0.09375 0.162109375
4 0.603515625 0.59765625 0.119140625 0.1455078125
4 0.890625 0.6103515625 0.130859375 0.154296875
4 0.220703125 0.7685546875 0.109375 0.2041015625
4 0.1533203125 0.7685546875 0.0751953125 0.1962890625
4 0.599609375 0.0810546875 0.087890625 0.12890625
4 0.958984375 0.818359375 0.0810546875 0.1455078125
4 0.548828125 0.8232421875 0.140625 0.154296875
4 0.34375 0.8251953125 0.09375 0.1669921875
4 0.8486328125 0.873046875 0.103515625 0.162109375
4 0.3935546875 0.8935546875 0.087890625 0.154296875
4 0.78125 0.099609375 0.099609375 0.1162109375
4 0.533203125 0.1435546875 0.083984375 0.12109375
4 0.3310546875 0.181640625 0.130859375 0.1376953125
4 0.166015625 0.181640625 0.1064453125 0.1455078125
4 0.927734375 0.244140625 0.130859375 0.162109375
4 0.791015625 0.25 0.1064453125 0.125
4 0.59375 0.251953125 0.0751953125 0.12109375
4 0.486328125 0.3212890625 0.078125 0.125
4 0.369140625 0.34375 0.1123046875 0.12890625
4 0.7158203125 0.3525390625 0.068359375 0.1123046875