0 0.73828125 0.025390625 0.1015625 0.05078125
0 0.3203125 0.4453125 0.48046875 0.423828125
0 0.8017578125 0.390625 0.337890625 0.39453125
0 0.8759765625 0.0205078125 0.111328125 0.041015625
0 0.27734375 0.09375 0.09375 0.0859375
0 0.501953125 0.6259765625 0.3828125 0.353515625
0 0.81640625 0.5986328125 0.130859375 0.107421875
0 0.587890625 0.1005859375 0.076171875 0.091796875
0 0.4033203125 0.1455078125 0.109375 0.083984375
0 0.84375 0.0859375 0.064453125 0.08984375
0 0.7392578125 0.1083984375 0.080078125 0.099609375
0 0.4736328125 0.1884765625 0.125 0.09765625
0 0.4287109375 0.02734375 0.076171875 0.046875
0 0.5771484375 0.23046875 0.09375 0.08984375