0 0.1953125 0.0439453125 0.0908203125 0.0791015625
0 0.669921875 0.4208984375 0.4345703125 0.3662109375
0 0.185546875 0.43359375 0.291015625 0.3583984375
0 0.056640625 0.0478515625 0.099609375 0.087890625
0 0.6640625 0.06640625 0.083984375 0.0751953125
0 0.515625 0.625 0.34375 0.30859375
0 0.2001953125 0.6416015625 0.119140625 0.091796875
0 0.357421875 0.1162109375 0.0654296875 0.0830078125
0 0.546875 0.1357421875 0.099609375 0.0712890625
0 0.1015625 0.1376953125 0.052734375 0.0830078125
0 0.208984375 0.1455078125 0.068359375 0.091796875
0 0.482421875 0.1875 0.115234375 0.0830078125
0 0.5048828125 0.0224609375 0.072265625 0.037109375
0 0.3857421875 0.244140625 0.083984375 0.0791015625