0 0.322265625 0.4228515625 0.16796875 0.197265625
0 0.1884765625 0.466796875 0.142578125 0.13671875
0 0.8603515625 0.6005859375 0.169921875 0.154296875
0 0.177734375 0.58984375 0.12109375 0.138671875
0 0.3740234375 0.6552734375 0.326171875 0.296875
0 0.6630859375 0.771484375 0.236328125 0.1953125
0 0.283203125 0.8671875 0.30859375 0.224609375
0 0.640625 0.115234375 0.138671875 0.109375
0 0.3671875 0.142578125 0.255859375 0.208984375
0 0.529296875 0.2412109375 0.205078125 0.162109375
0 0.6728515625 0.3076171875 0.115234375 0.09375
0 0.361328125 0.0283203125 0.15234375 0.056640625
0 0.453125 0.40234375 0.08984375 0.130859375