0 0.6865234375 0.4482421875 0.14453125 0.1787109375
0 0.8134765625 0.5107421875 0.126953125 0.12109375
0 0.12890625 0.5498046875 0.1533203125 0.1337890625
0 0.806640625 0.6337890625 0.10546875 0.125
0 0.603515625 0.6708984375 0.2939453125 0.2587890625
0 0.30078125 0.74609375 0.21484375 0.1669921875
0 0.6640625 0.8935546875 0.28515625 0.1875
0 0.4140625 0.099609375 0.126953125 0.091796875
0 0.681640625 0.1650390625 0.232421875 0.1787109375
0 0.5068359375 0.2392578125 0.1884765625 0.1376953125
0 0.35546875 0.28515625 0.10546875 0.0791015625
0 0.7041015625 0.0400390625 0.14453125 0.0625
0 0.5595703125 0.41015625 0.07421875 0.12109375