4 0.2470703125 0.3798828125 0.056640625 0.056640625
4 0.4072265625 0.4072265625 0.076171875 0.095703125
4 0.8427734375 0.4931640625 0.068359375 0.087890625
4 0.70703125 0.490234375 0.0703125 0.099609375
4 0.2724609375 0.4384765625 0.072265625 0.107421875
4 0.9599609375 0.5556640625 0.060546875 0.08203125
4 0.638671875 0.5107421875 0.05859375 0.0859375
4 0.4404296875 0.513671875 0.076171875 0.103515625
4 0.7900390625 0.568359375 0.072265625 0.111328125
4 0.8369140625 0.5849609375 0.06640625 0.095703125
4 0.310546875 0.5107421875 0.107421875 0.125
4 0.921875 0.6171875 0.064453125 0.10546875
4 0.197265625 0.5029296875 0.083984375 0.0859375
4 0.5029296875 0.5634765625 0.0703125 0.099609375
4 0.953125 0.68359375 0.064453125 0.119140625
4 0.65625 0.642578125 0.076171875 0.125
4 0.72265625 0.6533203125 0.091796875 0.119140625
4 0.2734375 0.5927734375 0.0703125 0.103515625
4 0.5849609375 0.6416015625 0.095703125 0.115234375
4 0.173828125 0.5810546875 0.078125 0.11328125
4 0.4462890625 0.626953125 0.080078125 0.109375
4 0.1123046875 0.580078125 0.080078125 0.10546875
4 0.068359375 0.6064453125 0.080078125 0.12109375
4 0.3818359375 0.658203125 0.080078125 0.109375
4 0.6005859375 0.7041015625 0.060546875 0.078125
4 0.9306640625 0.7666015625 0.080078125 0.109375
4 0.24609375 0.6640625 0.1015625 0.107421875
4 0.8427734375 0.7646484375 0.130859375 0.166015625
4 0.453125 0.7265625 0.095703125 0.130859375
4 0.6259765625 0.7861328125 0.078125 0.1171875
4 0.896484375 0.8310546875 0.068359375 0.087890625
4 0.34375 0.7490234375 0.07421875 0.091796875
4 0.130859375 0.7431640625 0.08984375 0.130859375
4 0.681640625 0.8359375 0.109375 0.13671875
4 0.37890625 0.796875 0.091796875 0.134765625
4 0.9169921875 0.8994140625 0.064453125 0.10546875
4 0.478515625 0.833984375 0.099609375 0.13671875
4 0.55078125 0.845703125 0.1015625 0.13671875
4 0.0478515625 0.78125 0.095703125 0.13671875
4 0.8740234375 0.919921875 0.080078125 0.11328125
4 0.6962890625 0.9091796875 0.099609375 0.125
4 0.759765625 0.943359375 0.091796875 0.107421875
4 0.2109375 0.859375 0.11328125 0.130859375
4 0.025390625 0.841796875 0.05078125 0.12109375
4 0.591796875 0.958984375 0.09765625 0.08203125
4 0.8193359375 0.9833984375 0.095703125 0.033203125
4 0.1064453125 0.919921875 0.0859375 0.05859375
4 0.2216796875 0.9384765625 0.109375 0.0625
4 0.501953125 0.9794921875 0.05859375 0.041015625
4 0.21484375 0.166015625 0.052734375 0.060546875
4 0.87109375 0.3427734375 0.052734375 0.087890625
4 0.599609375 0.3701171875 0.052734375 0.060546875
4 0.2763671875 0.3291015625 0.05859375 0.08203125
4 0.1728515625 0.349609375 0.07421875 0.087890625