4 0.2314453125 0.4208984375 0.0498046875 0.0498046875
4 0.3935546875 0.4228515625 0.0625 0.087890625
4 0.837890625 0.439453125 0.056640625 0.0791015625
4 0.703125 0.4580078125 0.056640625 0.091796875
4 0.265625 0.474609375 0.056640625 0.099609375
4 0.962890625 0.4833984375 0.0498046875 0.0751953125
4 0.638671875 0.4892578125 0.046875 0.0791015625
4 0.443359375 0.5224609375 0.0625 0.095703125
4 0.796875 0.5224609375 0.056640625 0.1044921875
4 0.845703125 0.53125 0.052734375 0.087890625
4 0.314453125 0.5400390625 0.0908203125 0.1123046875
4 0.9345703125 0.5498046875 0.0498046875 0.099609375
4 0.201171875 0.5498046875 0.072265625 0.0751953125
4 0.5126953125 0.5625 0.056640625 0.091796875
4 0.9765625 0.6103515625 0.046875 0.1123046875
4 0.6767578125 0.6162109375 0.0595703125 0.1162109375
4 0.744140625 0.6162109375 0.0751953125 0.1083984375
4 0.291015625 0.626953125 0.056640625 0.095703125
4 0.6064453125 0.626953125 0.0810546875 0.1044921875
4 0.1904296875 0.630859375 0.0625 0.1044921875
4 0.466796875 0.6337890625 0.0654296875 0.099609375
4 0.1298828125 0.6396484375 0.0654296875 0.095703125
4 0.0908203125 0.6728515625 0.0625 0.1123046875
4 0.408203125 0.6748046875 0.0654296875 0.099609375
4 0.630859375 0.685546875 0.0498046875 0.0712890625
4 0.966796875 0.6962890625 0.0654296875 0.099609375
4 0.275390625 0.7021484375 0.087890625 0.095703125
4 0.8798828125 0.7080078125 0.109375 0.150390625
4 0.4892578125 0.7314453125 0.078125 0.12109375
4 0.6689453125 0.7626953125 0.0625 0.1083984375
4 0.943359375 0.7646484375 0.056640625 0.0791015625
4 0.384765625 0.7705078125 0.0625 0.0830078125
4 0.173828125 0.7978515625 0.072265625 0.12109375
4 0.732421875 0.8037109375 0.0908203125 0.125
4 0.4267578125 0.8125 0.072265625 0.125
4 0.974609375 0.8291015625 0.0498046875 0.099609375
4 0.53125 0.8330078125 0.0810546875 0.125
4 0.6044921875 0.8330078125 0.083984375 0.125
4 0.0966796875 0.849609375 0.0810546875 0.125
4 0.935546875 0.8564453125 0.0654296875 0.1044921875
4 0.7578125 0.873046875 0.083984375 0.1123046875
4 0.826171875 0.8974609375 0.078125 0.095703125
4 0.2705078125 0.900390625 0.0966796875 0.1162109375
4 0.060546875 0.9169921875 0.083984375 0.1083984375
4 0.6640625 0.9521484375 0.083984375 0.095703125
4 0.8955078125 0.9580078125 0.083984375 0.0830078125
4 0.1767578125 0.9765625 0.080078125 0.046875
4 0.2939453125 0.9765625 0.103515625 0.046875
4 0.5791015625 0.978515625 0.052734375 0.04296875
4 0.166015625 0.21484375 0.0439453125 0.0537109375
4 0.841796875 0.287109375 0.041015625 0.0830078125
4 0.578125 0.3564453125 0.0439453125 0.0537109375
4 0.251953125 0.3662109375 0.046875 0.0751953125
4 0.1533203125 0.40234375 0.0625 0.0791015625