4 0.779296875 0.48828125 0.060546875 0.060546875
4 0.6220703125 0.451171875 0.08203125 0.099609375
4 0.1865234375 0.359375 0.07421875 0.08984375
4 0.3134765625 0.41015625 0.078125 0.103515625
4 0.7333984375 0.5322265625 0.078125 0.111328125
4 0.0546875 0.3720703125 0.06640625 0.0859375
4 0.3681640625 0.4560546875 0.064453125 0.087890625
4 0.5498046875 0.53515625 0.083984375 0.107421875
4 0.2060546875 0.4501953125 0.080078125 0.115234375
4 0.1572265625 0.4462890625 0.072265625 0.09765625
4 0.669921875 0.583984375 0.115234375 0.130859375
4 0.06640625 0.443359375 0.072265625 0.109375
4 0.7783203125 0.62109375 0.087890625 0.08984375
4 0.47265625 0.5576171875 0.078125 0.103515625
4 0.0234375 0.4921875 0.046875 0.12109375
4 0.30078125 0.5703125 0.0859375 0.126953125
4 0.2353515625 0.5537109375 0.099609375 0.123046875
4 0.671875 0.673828125 0.078125 0.107421875
4 0.3662109375 0.59765625 0.103515625 0.12109375
4 0.7685546875 0.7021484375 0.0859375 0.1171875
4 0.5 0.6376953125 0.087890625 0.11328125
4 0.8251953125 0.724609375 0.0859375 0.109375
4 0.85546875 0.7666015625 0.087890625 0.125
4 0.546875 0.69140625 0.087890625 0.11328125
4 0.328125 0.6484375 0.06640625 0.08203125
4 0.021484375 0.576171875 0.04296875 0.11328125
4 0.6689453125 0.75 0.109375 0.11328125
4 0.0810546875 0.6103515625 0.142578125 0.171875
4 0.4541015625 0.7275390625 0.10546875 0.13671875
4 0.2724609375 0.7138671875 0.0859375 0.12109375
4 0.021484375 0.6484375 0.04296875 0.08984375
4 0.5458984375 0.7900390625 0.080078125 0.095703125
4 0.744140625 0.8681640625 0.099609375 0.134765625
4 0.201171875 0.73828125 0.119140625 0.142578125
4 0.4951171875 0.8212890625 0.099609375 0.138671875
4 0.388671875 0.8154296875 0.109375 0.140625
4 0.318359375 0.7978515625 0.111328125 0.142578125
4 0.806640625 0.9326171875 0.109375 0.134765625
4 0.017578125 0.740234375 0.03515625 0.1171875
4 0.1591796875 0.7998046875 0.109375 0.12890625
4 0.0869140625 0.806640625 0.099609375 0.111328125
4 0.625 0.9375 0.12109375 0.125
4 0.8251953125 0.9736328125 0.107421875 0.052734375
4 0.2314453125 0.8994140625 0.10546875 0.11328125
4 0.0283203125 0.84765625 0.056640625 0.1015625
4 0.5849609375 0.98828125 0.111328125 0.0234375
4 0.3076171875 0.9453125 0.0625 0.0546875
4 0.892578125 0.3037109375 0.0546875 0.0625
4 0.2197265625 0.2109375 0.060546875 0.08984375
4 0.458984375 0.341796875 0.0546875 0.0625
4 0.7734375 0.4306640625 0.064453125 0.083984375
4 0.8603515625 0.4892578125 0.080078125 0.091796875