4 0.3115234375 0.3974609375 0.119140625 0.20703125
4 0.9130859375 0.607421875 0.173828125 0.36328125
4 0.3583984375 0.521484375 0.099609375 0.1875
4 0.416015625 0.591796875 0.076171875 0.138671875
4 0.548828125 0.6181640625 0.072265625 0.138671875
4 0.71875 0.732421875 0.07421875 0.142578125
4 0.2041015625 0.6328125 0.06640625 0.126953125
4 0.4853515625 0.7158203125 0.07421875 0.12890625
4 0.767578125 0.798828125 0.068359375 0.123046875
4 0.619140625 0.771484375 0.076171875 0.150390625
4 0.2626953125 0.7470703125 0.068359375 0.138671875
4 0.7470703125 0.9296875 0.076171875 0.140625
4 0.28125 0.1708984375 0.140625 0.24609375