4 0.712890625 0.4755859375 0.119140625 0.20703125
4 0.0810546875 0.44140625 0.162109375 0.36328125
4 0.623046875 0.572265625 0.099609375 0.1875
4 0.54296875 0.6171875 0.076171875 0.138671875
4 0.4111328125 0.5908203125 0.072265625 0.138671875
4 0.2099609375 0.6337890625 0.07421875 0.142578125
4 0.7255859375 0.7333984375 0.06640625 0.126953125
4 0.43359375 0.7060546875 0.07421875 0.12890625
4 0.140625 0.6767578125 0.068359375 0.123046875
4 0.287109375 0.70703125 0.076171875 0.150390625
4 0.626953125 0.818359375 0.068359375 0.138671875
4 0.1064453125 0.8115234375 0.076171875 0.15234375
4 0.826171875 0.2763671875 0.140625 0.24609375