4 0.7041015625 0.435546875 0.083984375 0.1953125
4 0.0654296875 0.525390625 0.1259765625 0.3447265625
4 0.634765625 0.5478515625 0.06640625 0.177734375
4 0.564453125 0.6064453125 0.0517578125 0.1318359375
4 0.4296875 0.6064453125 0.0478515625 0.1318359375
4 0.2412109375 0.6865234375 0.0498046875 0.134765625
4 0.765625 0.6865234375 0.0439453125 0.12109375
4 0.4736328125 0.71484375 0.0517578125 0.12109375
4 0.1806640625 0.7421875 0.0458984375 0.1171875
4 0.3310546875 0.744140625 0.0498046875 0.142578125
4 0.685546875 0.7880859375 0.0439453125 0.1318359375
4 0.1728515625 0.880859375 0.0498046875 0.1455078125
4 0.77734375 0.21875 0.09765625 0.2314453125