4 0.15625 0.4208984375 0.1064453125 0.2080078125
4 0.7421875 0.4267578125 0.0908203125 0.1376953125
4 0.4248046875 0.4287109375 0.09375 0.1669921875
4 0.5439453125 0.4775390625 0.068359375 0.12890625
4 0.705078125 0.5087890625 0.103515625 0.1669921875
4 0.8388671875 0.52734375 0.083984375 0.1376953125
4 0.306640625 0.5400390625 0.068359375 0.12109375
4 0.197265625 0.6396484375 0.09375 0.1455078125
4 0.3671875 0.689453125 0.046875 0.095703125
4 0.5830078125 0.7099609375 0.041015625 0.087890625
4 0.646484375 0.78125 0.056640625 0.1123046875
4 0.916015625 0.1396484375 0.1064453125 0.095703125
4 0.515625 0.2333984375 0.150390625 0.2080078125
4 0.2861328125 0.3330078125 0.1533203125 0.216796875
4 0.775390625 0.345703125 0.119140625 0.18359375
4 0.513671875 0.369140625 0.083984375 0.12890625
4 0.0732421875 0.375 0.1220703125 0.224609375