4 0.1533203125 0.4326171875 0.11328125 0.2109375
4 0.7392578125 0.41796875 0.095703125 0.140625
4 0.421875 0.431640625 0.099609375 0.169921875
4 0.54296875 0.4755859375 0.072265625 0.130859375
4 0.705078125 0.501953125 0.109375 0.169921875
4 0.83984375 0.515625 0.087890625 0.140625
4 0.30859375 0.546875 0.072265625 0.123046875
4 0.2021484375 0.650390625 0.099609375 0.1484375
4 0.3740234375 0.6943359375 0.05078125 0.09765625
4 0.58984375 0.70703125 0.044921875 0.08984375
4 0.65625 0.7763671875 0.060546875 0.11328125
4 0.9033203125 0.125 0.109375 0.099609375
4 0.505859375 0.2333984375 0.158203125 0.212890625
4 0.2802734375 0.3408203125 0.16015625 0.22265625
4 0.76953125 0.3359375 0.125 0.1875
4 0.5087890625 0.369140625 0.087890625 0.130859375
4 0.0693359375 0.3896484375 0.12890625 0.228515625