4 0.1474609375 0.48828125 0.14453125 0.224609375
4 0.7236328125 0.3818359375 0.115234375 0.15234375
4 0.412109375 0.4443359375 0.123046875 0.181640625
4 0.5390625 0.4697265625 0.091796875 0.138671875
4 0.703125 0.4697265625 0.1328125 0.18359375
4 0.837890625 0.4619140625 0.109375 0.150390625
4 0.3173828125 0.576171875 0.08984375 0.1328125
4 0.2294921875 0.6953125 0.119140625 0.16015625
4 0.40625 0.7109375 0.064453125 0.103515625
4 0.62109375 0.6904296875 0.056640625 0.09375
4 0.697265625 0.748046875 0.076171875 0.12109375
4 0.83984375 0.06640625 0.123046875 0.11328125
4 0.46484375 0.2353515625 0.1875 0.232421875
4 0.2578125 0.376953125 0.19140625 0.2421875
4 0.7412109375 0.2958984375 0.15234375 0.203125
4 0.48828125 0.369140625 0.107421875 0.142578125
4 0.0693359375 0.4580078125 0.138671875 0.244140625