0 0.7216796875 0.283203125 0.072265625 0.080078125
0 0.525390625 0.0234375 0.046875 0.046875
0 0.5927734375 0.0126953125 0.033203125 0.025390625
0 0.6474609375 0.3369140625 0.060546875 0.0625
0 0.5859375 0.390625 0.052734375 0.0703125
0 0.49609375 0.4677734375 0.095703125 0.08203125
0 0.373046875 0.52734375 0.07421875 0.06640625
0 0.7109375 0.4560546875 0.10546875 0.125
0 0.333984375 0.578125 0.10546875 0.107421875
0 0.5078125 0.603515625 0.0703125 0.083984375
0 0.451171875 0.6162109375 0.07421875 0.103515625
0 0.8818359375 0.6123046875 0.123046875 0.142578125
0 0.978515625 0.671875 0.04296875 0.10546875
0 0.732421875 0.7353515625 0.099609375 0.083984375
0 0.427734375 0.8408203125 0.083984375 0.080078125
0 0.9482421875 0.7255859375 0.099609375 0.115234375
0 0.791015625 0.80078125 0.107421875 0.11328125
0 0.96484375 0.8681640625 0.0703125 0.083984375
0 0.5078125 0.1142578125 0.060546875 0.0625
0 0.7431640625 0.1064453125 0.048828125 0.056640625