0 0.7646484375 0.3388671875 0.0576171875 0.068359375
0 0.6337890625 0.0361328125 0.0361328125 0.052734375
0 0.701171875 0.0390625 0.0263671875 0.0341796875
0 0.6806640625 0.3740234375 0.0498046875 0.052734375
0 0.6083984375 0.4130859375 0.0400390625 0.0625
0 0.50390625 0.4677734375 0.083984375 0.0654296875
0 0.3701171875 0.498046875 0.064453125 0.052734375
0 0.7158203125 0.5048828125 0.083984375 0.1083984375
0 0.3203125 0.5390625 0.087890625 0.08984375
0 0.484375 0.6025390625 0.0556640625 0.07421875
0 0.42578125 0.6025390625 0.0556640625 0.0927734375
0 0.8466796875 0.6953125 0.09765625 0.1240234375
0 0.9541015625 0.78125 0.080078125 0.08984375
0 0.673828125 0.78125 0.087890625 0.0654296875
0 0.3525390625 0.8154296875 0.0703125 0.0654296875
0 0.8857421875 0.8203125 0.080078125 0.099609375
0 0.7158203125 0.8583984375 0.087890625 0.0966796875
0 0.8837890625 0.966796875 0.083984375 0.06640625
0 0.5947265625 0.1259765625 0.0498046875 0.052734375
0 0.8251953125 0.1708984375 0.0380859375 0.0498046875