0 0.2470703125 0.3203125 0.0625 0.072265625
0 0.3984375 0.0283203125 0.0390625 0.0546875
0 0.3310546875 0.0263671875 0.029296875 0.03515625
0 0.328125 0.361328125 0.052734375 0.056640625
0 0.3974609375 0.4052734375 0.044921875 0.064453125
0 0.498046875 0.4677734375 0.087890625 0.0703125
0 0.6298828125 0.5068359375 0.068359375 0.056640625
0 0.2841796875 0.490234375 0.091796875 0.11328125
0 0.6767578125 0.5517578125 0.09375 0.095703125
0 0.5087890625 0.603515625 0.060546875 0.078125
0 0.56640625 0.607421875 0.0625 0.095703125
0 0.140625 0.6708984375 0.10546875 0.130859375
0 0.03515625 0.7490234375 0.0703125 0.095703125
0 0.306640625 0.7685546875 0.091796875 0.072265625
0 0.625 0.8251953125 0.07421875 0.0703125
0 0.0927734375 0.79296875 0.0859375 0.10546875
0 0.259765625 0.8427734375 0.09375 0.103515625
0 0.0849609375 0.9384765625 0.087890625 0.072265625
0 0.431640625 0.1201171875 0.052734375 0.056640625
0 0.1982421875 0.1494140625 0.041015625 0.052734375