3 0.44140625 0.3388671875 0.041015625 0.05859375
3 0.189453125 0.4013671875 0.05078125 0.06640625
3 0.3603515625 0.4189453125 0.05078125 0.09375
3 0.4169921875 0.4248046875 0.0703125 0.078125
3 0.560546875 0.416015625 0.06640625 0.078125
3 0.927734375 0.357421875 0.0546875 0.060546875
3 0.3232421875 0.53125 0.0546875 0.087890625
3 0.263671875 0.560546875 0.05859375 0.08203125
3 0.84375 0.4501953125 0.064453125 0.091796875
3 0.625 0.4990234375 0.095703125 0.115234375
3 0.7109375 0.4833984375 0.078125 0.091796875
3 0.1591796875 0.591796875 0.078125 0.10546875
3 0.044921875 0.6201171875 0.08203125 0.134765625
3 0.1064453125 0.66015625 0.099609375 0.13671875
3 0.8115234375 0.5224609375 0.05859375 0.091796875
3 0.4013671875 0.6376953125 0.080078125 0.115234375
3 0.4716796875 0.6259765625 0.103515625 0.14453125
3 0.560546875 0.609375 0.064453125 0.076171875
3 0.943359375 0.5546875 0.08984375 0.140625
3 0.6630859375 0.6201171875 0.09375 0.138671875
3 0.287109375 0.69921875 0.1015625 0.140625
3 0.1533203125 0.728515625 0.11328125 0.154296875
3 0.0634765625 0.7607421875 0.06640625 0.140625
3 0.58984375 0.6875 0.091796875 0.130859375
3 0.83984375 0.640625 0.123046875 0.1796875
3 0.791015625 0.705078125 0.123046875 0.18359375