3 0.5263671875 0.3310546875 0.0322265625 0.0537109375
3 0.7861328125 0.34375 0.0400390625 0.0595703125
3 0.62109375 0.3935546875 0.0341796875 0.08984375
3 0.5673828125 0.41015625 0.0576171875 0.068359375
3 0.4248046875 0.4287109375 0.0537109375 0.068359375
3 0.052734375 0.44140625 0.0458984375 0.0537109375
3 0.6796875 0.4970703125 0.0400390625 0.0810546875
3 0.7431640625 0.5146484375 0.0458984375 0.07421875
3 0.1533203125 0.5166015625 0.0498046875 0.083984375
3 0.376953125 0.5224609375 0.078125 0.1015625
3 0.2900390625 0.5234375 0.064453125 0.0810546875
3 0.8525390625 0.525390625 0.0615234375 0.095703125
3 0.9697265625 0.53125 0.0595703125 0.125
3 0.9169921875 0.58203125 0.078125 0.125
3 0.1982421875 0.58203125 0.0439453125 0.083984375
3 0.623046875 0.6162109375 0.0615234375 0.1044921875
3 0.5517578125 0.6181640625 0.080078125 0.130859375
3 0.4619140625 0.619140625 0.0517578125 0.068359375
3 0.0751953125 0.638671875 0.06640625 0.130859375
3 0.36328125 0.6494140625 0.0703125 0.1279296875
3 0.7470703125 0.6552734375 0.078125 0.1279296875
3 0.8837890625 0.658203125 0.087890625 0.140625
3 0.978515625 0.6728515625 0.0419921875 0.134765625
3 0.447265625 0.701171875 0.0703125 0.119140625
3 0.193359375 0.703125 0.09375 0.1640625
3 0.25390625 0.7568359375 0.091796875 0.169921875