3 0.4853515625 0.330078125 0.03515625 0.056640625
3 0.2255859375 0.32421875 0.044921875 0.0625
3 0.38671875 0.3857421875 0.041015625 0.091796875
3 0.439453125 0.4052734375 0.0625 0.072265625
3 0.580078125 0.4345703125 0.05859375 0.072265625
3 0.9501953125 0.47265625 0.048828125 0.056640625
3 0.3212890625 0.484375 0.044921875 0.083984375
3 0.2568359375 0.498046875 0.05078125 0.078125
3 0.8447265625 0.541015625 0.0546875 0.087890625
3 0.62109375 0.53125 0.0859375 0.107421875
3 0.7080078125 0.5380859375 0.0703125 0.0859375
3 0.146484375 0.5009765625 0.068359375 0.099609375
3 0.03125 0.498046875 0.0625 0.12890625
3 0.078125 0.552734375 0.0859375 0.130859375
3 0.794921875 0.6025390625 0.048828125 0.0859375
3 0.369140625 0.607421875 0.068359375 0.109375
3 0.4404296875 0.6142578125 0.08984375 0.13671875
3 0.529296875 0.62109375 0.056640625 0.072265625
3 0.9140625 0.66796875 0.076171875 0.134765625
3 0.6259765625 0.658203125 0.078125 0.1328125
3 0.2431640625 0.6376953125 0.0859375 0.1328125
3 0.1064453125 0.630859375 0.09765625 0.146484375
3 0.017578125 0.638671875 0.03515625 0.13671875
3 0.5380859375 0.7041015625 0.078125 0.123046875
3 0.7919921875 0.7236328125 0.10546875 0.169921875
3 0.7275390625 0.7734375 0.103515625 0.17578125