2 0.8076171875 0.4794921875 0.185546875 0.171875
2 0.931640625 0.5146484375 0.13671875 0.150390625
2 0.673828125 0.46875 0.150390625 0.150390625
2 0.1865234375 0.3896484375 0.1328125 0.142578125
2 0.310546875 0.4140625 0.16796875 0.16015625
2 0.4423828125 0.44921875 0.1640625 0.15234375
2 0.5595703125 0.474609375 0.154296875 0.142578125
2 0.6650390625 0.607421875 0.14453125 0.1796875
2 0.8017578125 0.642578125 0.18359375 0.19140625
2 0.150390625 0.529296875 0.150390625 0.189453125
2 0.5322265625 0.6025390625 0.17578125 0.181640625
2 0.92578125 0.6767578125 0.12890625 0.189453125
2 0.26171875 0.5625 0.158203125 0.166015625
2 0.4013671875 0.5927734375 0.16796875 0.181640625
2 0.1025390625 0.7001953125 0.150390625 0.208984375
2 0.91015625 0.8427734375 0.10546875 0.208984375
2 0.501953125 0.775390625 0.17578125 0.181640625
2 0.6533203125 0.810546875 0.197265625 0.216796875
2 0.2255859375 0.7353515625 0.177734375 0.21484375
2 0.798828125 0.8486328125 0.189453125 0.240234375
2 0.353515625 0.7802734375 0.1875 0.203125
2 0.8056640625 0.1357421875 0.115234375 0.115234375
2 0.4814453125 0.9111328125 0.177734375 0.177734375
2 0.640625 0.9404296875 0.2109375 0.119140625
2 0.7734375 0.9638671875 0.15625 0.072265625
2 0.0556640625 0.8701171875 0.111328125 0.130859375
2 0.3330078125 0.9248046875 0.177734375 0.1328125
2 0.16796875 0.900390625 0.16796875 0.12109375
2 0.9794921875 0.1806640625 0.041015625 0.111328125
2 0.69921875 0.126953125 0.119140625 0.13671875
2 0.3193359375 0.0595703125 0.10546875 0.1015625
2 0.615234375 0.1142578125 0.12890625 0.126953125
2 0.404296875 0.0791015625 0.10546875 0.1015625
2 0.9091796875 0.1708984375 0.138671875 0.12890625
2 0.509765625 0.103515625 0.14453125 0.14453125
2 0.21484375 0.0576171875 0.125 0.115234375
2 0.810546875 0.2353515625 0.123046875 0.12109375
2 0.169921875 0.1220703125 0.119140625 0.13671875
2 0.916015625 0.255859375 0.130859375 0.1171875
2 0.98046875 0.2724609375 0.0390625 0.115234375
2 0.3740234375 0.1640625 0.1328125 0.126953125
2 0.7001953125 0.232421875 0.11328125 0.103515625
2 0.26953125 0.1591796875 0.123046875 0.140625
2 0.5869140625 0.216796875 0.12890625 0.138671875
2 0.4755859375 0.197265625 0.125 0.11328125
2 0.8095703125 0.3359375 0.1328125 0.130859375
2 0.91796875 0.3701171875 0.16015625 0.1484375
2 0.1240234375 0.2373046875 0.150390625 0.142578125
2 0.6923828125 0.33984375 0.162109375 0.15625
2 0.333984375 0.2841796875 0.158203125 0.162109375
2 0.4443359375 0.30859375 0.134765625 0.150390625
2 0.2333984375 0.2734375 0.13671875 0.15625
2 0.568359375 0.3388671875 0.15625 0.154296875