2 0.2041015625 0.4111328125 0.169921875 0.154296875
2 0.0693359375 0.4169921875 0.13671875 0.134765625
2 0.3369140625 0.4306640625 0.13671875 0.134765625
2 0.830078125 0.4638671875 0.119140625 0.130859375
2 0.703125 0.458984375 0.154296875 0.14453125
2 0.5673828125 0.4638671875 0.150390625 0.13671875
2 0.447265625 0.4619140625 0.140625 0.12890625
2 0.314453125 0.5673828125 0.126953125 0.16796875
2 0.173828125 0.5712890625 0.1640625 0.17578125
2 0.833984375 0.607421875 0.130859375 0.177734375
2 0.4453125 0.5927734375 0.158203125 0.166015625
2 0.0498046875 0.576171875 0.099609375 0.1796875
2 0.7177734375 0.6142578125 0.142578125 0.15234375
2 0.5751953125 0.6123046875 0.15234375 0.166015625
2 0.841796875 0.78515625 0.12890625 0.197265625
2 0.03125 0.7421875 0.0625 0.203125
2 0.4365234375 0.767578125 0.158203125 0.166015625
2 0.2802734375 0.7685546875 0.17578125 0.19921875
2 0.71484375 0.791015625 0.15625 0.19921875
2 0.130859375 0.7734375 0.1640625 0.224609375
2 0.580078125 0.806640625 0.16796875 0.1875
2 0.2841796875 0.076171875 0.10546875 0.10546875
2 0.4228515625 0.912109375 0.158203125 0.17578125
2 0.2578125 0.9208984375 0.1953125 0.14453125
2 0.12109375 0.921875 0.14453125 0.123046875
2 0.8701171875 0.953125 0.142578125 0.09375
2 0.56640625 0.947265625 0.16796875 0.10546875
2 0.7333984375 0.9560546875 0.158203125 0.087890625
2 0.0703125 0.07421875 0.1015625 0.1015625
2 0.390625 0.091796875 0.10546875 0.126953125
2 0.775390625 0.111328125 0.095703125 0.091796875
2 0.474609375 0.09765625 0.1171875 0.11328125
2 0.6875 0.1123046875 0.095703125 0.091796875
2 0.17578125 0.0869140625 0.126953125 0.115234375
2 0.580078125 0.1123046875 0.130859375 0.130859375
2 0.876953125 0.1298828125 0.115234375 0.109375
2 0.2568359375 0.1728515625 0.111328125 0.109375
2 0.90625 0.2060546875 0.10546875 0.126953125
2 0.1494140625 0.1689453125 0.12109375 0.10546875
2 0.0546875 0.1650390625 0.08203125 0.107421875
2 0.6982421875 0.201171875 0.12109375 0.115234375
2 0.365234375 0.1943359375 0.103515625 0.09375
2 0.80078125 0.2197265625 0.109375 0.130859375
2 0.4794921875 0.2041015625 0.115234375 0.126953125
2 0.591796875 0.2099609375 0.11328125 0.1015625
2 0.2353515625 0.2705078125 0.12109375 0.119140625
2 0.1220703125 0.279296875 0.146484375 0.1328125
2 0.92578125 0.3291015625 0.13671875 0.126953125
2 0.3486328125 0.30078125 0.146484375 0.140625
2 0.7109375 0.3271484375 0.142578125 0.1484375
2 0.5966796875 0.326171875 0.119140625 0.138671875
2 0.810546875 0.3388671875 0.123046875 0.142578125
2 0.4697265625 0.3271484375 0.140625 0.140625