2 0.7998046875 0.4267578125 0.162109375 0.1455078125
2 0.9345703125 0.439453125 0.130859375 0.12890625
2 0.666015625 0.439453125 0.130859375 0.12890625
2 0.171875 0.4462890625 0.1123046875 0.125
2 0.298828125 0.4482421875 0.146484375 0.1376953125
2 0.4345703125 0.4599609375 0.1435546875 0.12890625
2 0.5546875 0.46484375 0.134765625 0.12109375
2 0.681640625 0.5771484375 0.119140625 0.162109375
2 0.822265625 0.587890625 0.15625 0.1669921875
2 0.1611328125 0.58984375 0.1220703125 0.1708984375
2 0.5498046875 0.595703125 0.150390625 0.158203125
2 0.9501953125 0.599609375 0.099609375 0.1748046875
2 0.2763671875 0.6025390625 0.134765625 0.1455078125
2 0.4189453125 0.6083984375 0.1435546875 0.158203125
2 0.1435546875 0.7666015625 0.119140625 0.19140625
2 0.9638671875 0.7666015625 0.072265625 0.2001953125
2 0.5498046875 0.7705078125 0.150390625 0.158203125
2 0.705078125 0.779296875 0.166015625 0.19140625
2 0.2705078125 0.779296875 0.146484375 0.19140625
2 0.8544921875 0.7919921875 0.1533203125 0.216796875
2 0.404296875 0.8017578125 0.1591796875 0.1787109375
2 0.7373046875 0.087890625 0.099609375 0.099609375
2 0.5556640625 0.916015625 0.150390625 0.16796875
2 0.7197265625 0.9326171875 0.189453125 0.134765625
2 0.8564453125 0.94140625 0.1376953125 0.1162109375
2 0.10546875 0.9453125 0.13671875 0.109375
2 0.4091796875 0.947265625 0.162109375 0.10546875
2 0.2421875 0.9521484375 0.1533203125 0.095703125
2 0.951171875 0.09765625 0.0966796875 0.095703125
2 0.630859375 0.09765625 0.099609375 0.12109375
2 0.2451171875 0.09765625 0.0908203125 0.087890625
2 0.546875 0.099609375 0.1123046875 0.1083984375
2 0.3330078125 0.1025390625 0.0908203125 0.087890625
2 0.845703125 0.1044921875 0.1220703125 0.1083984375
2 0.4404296875 0.1083984375 0.125 0.125
2 0.142578125 0.1103515625 0.109375 0.1044921875
2 0.759765625 0.185546875 0.1064453125 0.1044921875
2 0.109375 0.185546875 0.099609375 0.12109375
2 0.8671875 0.1875 0.115234375 0.099609375
2 0.9619140625 0.1884765625 0.076171875 0.103515625
2 0.3173828125 0.19140625 0.115234375 0.1083984375
2 0.650390625 0.2021484375 0.099609375 0.087890625
2 0.2138671875 0.2041015625 0.103515625 0.125
2 0.5361328125 0.2060546875 0.109375 0.12109375
2 0.423828125 0.2060546875 0.109375 0.095703125
2 0.7763671875 0.28515625 0.115234375 0.1123046875
2 0.888671875 0.2998046875 0.140625 0.125
2 0.083984375 0.306640625 0.130859375 0.12109375
2 0.6611328125 0.30859375 0.140625 0.1337890625
2 0.298828125 0.31640625 0.134765625 0.1416015625
2 0.412109375 0.3212890625 0.1123046875 0.1337890625
2 0.1982421875 0.3232421875 0.115234375 0.1376953125
2 0.5390625 0.3291015625 0.134765625 0.1337890625