4 0.625 0.4267578125 0.0751953125 0.12109375
4 0.517578125 0.4501953125 0.083984375 0.125
4 0.224609375 0.4560546875 0.0751953125 0.087890625
4 0.951171875 0.4853515625 0.0908203125 0.1123046875
4 0.857421875 0.505859375 0.072265625 0.095703125
4 0.595703125 0.2607421875 0.0654296875 0.087890625
4 0.806640625 0.279296875 0.068359375 0.091796875
4 0.525390625 0.2958984375 0.0625 0.091796875
4 0.7158203125 0.314453125 0.056640625 0.0712890625
4 0.318359375 0.3232421875 0.0810546875 0.12109375
4 0.1142578125 0.3291015625 0.078125 0.1162109375
4 0.640625 0.3310546875 0.0498046875 0.0791015625
4 0.4423828125 0.3544921875 0.0966796875 0.1162109375
4 0.236328125 0.3583984375 0.072265625 0.099609375
4 0.947265625 0.380859375 0.09375 0.1044921875