4 0.638671875 0.45703125 0.099609375 0.134765625
4 0.5283203125 0.455078125 0.109375 0.140625
4 0.2412109375 0.3955078125 0.09375 0.103515625
4 0.943359375 0.5869140625 0.11328125 0.12890625
4 0.8466796875 0.5859375 0.091796875 0.109375
4 0.6474609375 0.2880859375 0.083984375 0.099609375
4 0.8486328125 0.353515625 0.087890625 0.10546875
4 0.5703125 0.306640625 0.08203125 0.103515625
4 0.751953125 0.3681640625 0.0703125 0.08203125
4 0.3623046875 0.287109375 0.10546875 0.13671875
4 0.162109375 0.2470703125 0.1015625 0.130859375
4 0.6748046875 0.3671875 0.06640625 0.087890625
4 0.4765625 0.345703125 0.12109375 0.134765625
4 0.275390625 0.302734375 0.09375 0.11328125
4 0.9521484375 0.4833984375 0.095703125 0.123046875