4 0.61328125 0.41015625 0.091796875 0.130859375
4 0.5107421875 0.4482421875 0.099609375 0.134765625
4 0.220703125 0.4951171875 0.0859375 0.09765625
4 0.9443359375 0.4228515625 0.10546875 0.123046875
4 0.8544921875 0.4560546875 0.083984375 0.10546875
4 0.5615234375 0.25 0.076171875 0.095703125
4 0.7724609375 0.23828125 0.080078125 0.099609375
4 0.4970703125 0.2939453125 0.07421875 0.099609375
4 0.6875 0.2861328125 0.06640625 0.078125
4 0.2958984375 0.3505859375 0.09765625 0.130859375
4 0.09375 0.384765625 0.09375 0.125
4 0.6162109375 0.3134765625 0.060546875 0.0859375
4 0.4228515625 0.3642578125 0.111328125 0.12890625
4 0.21875 0.396484375 0.0859375 0.109375
4 0.9267578125 0.3193359375 0.107421875 0.1171875