4 0.236328125 0.3857421875 0.189453125 0.24609375
4 0.82421875 0.572265625 0.1953125 0.248046875
4 0.5478515625 0.6806640625 0.19140625 0.294921875
4 0.3671875 0.7529296875 0.33984375 0.4140625
4 0.12109375 0.830078125 0.216796875 0.255859375
4 0.962890625 0.2265625 0.07421875 0.140625
4 0.197265625 0.150390625 0.1484375 0.171875
4 0.576171875 0.2216796875 0.150390625 0.19140625
4 0.8447265625 0.390625 0.173828125 0.212890625
4 0.939453125 0.4072265625 0.12109375 0.181640625
4 0.1025390625 0.3330078125 0.177734375 0.208984375
4 0.404296875 0.3857421875 0.189453125 0.2421875
4 0.6162109375 0.4326171875 0.166015625 0.19921875