4 0.7783203125 0.4287109375 0.15625 0.224609375
4 0.1689453125 0.5205078125 0.162109375 0.224609375
4 0.4248046875 0.6708984375 0.150390625 0.275390625
4 0.591796875 0.7705078125 0.2841796875 0.375
4 0.822265625 0.884765625 0.18359375 0.23046875
4 0.072265625 0.15625 0.0810546875 0.12890625
4 0.853515625 0.2021484375 0.125 0.154296875
4 0.46875 0.212890625 0.125 0.1748046875
4 0.1767578125 0.337890625 0.146484375 0.19140625
4 0.072265625 0.337890625 0.1123046875 0.1669921875
4 0.9189453125 0.3974609375 0.150390625 0.1875
4 0.6123046875 0.40234375 0.15625 0.220703125
4 0.3955078125 0.4150390625 0.140625 0.1787109375