4 0.78515625 0.462890625 0.181640625 0.2421875
4 0.1689453125 0.48046875 0.1875 0.2421875
4 0.404296875 0.66015625 0.18359375 0.291015625
4 0.55859375 0.779296875 0.328125 0.40625
4 0.7734375 0.8974609375 0.2109375 0.205078125
4 0.1171875 0.1064453125 0.095703125 0.138671875
4 0.88671875 0.2470703125 0.142578125 0.16796875
4 0.50390625 0.2109375 0.14453125 0.189453125
4 0.19921875 0.2998046875 0.16796875 0.20703125
4 0.0947265625 0.287109375 0.130859375 0.1796875
4 0.9208984375 0.4482421875 0.158203125 0.205078125
4 0.623046875 0.4169921875 0.181640625 0.23828125
4 0.40625 0.4033203125 0.162109375 0.1953125