4 0.6591796875 0.4013671875 0.05859375 0.083984375
4 0.3955078125 0.435546875 0.056640625 0.080078125
4 0.7939453125 0.3974609375 0.068359375 0.064453125
4 0.4423828125 0.443359375 0.068359375 0.09765625
4 0.859375 0.4326171875 0.060546875 0.087890625
4 0.9111328125 0.427734375 0.0703125 0.08984375
4 0.5595703125 0.4638671875 0.078125 0.09765625
4 0.28125 0.5380859375 0.06640625 0.09375
4 0.6318359375 0.5068359375 0.064453125 0.080078125
4 0.111328125 0.5634765625 0.078125 0.111328125
4 0.23828125 0.5498046875 0.072265625 0.09375
4 0.4306640625 0.5390625 0.0625 0.09375
4 0.5244140625 0.5546875 0.072265625 0.09375
4 0.8203125 0.5419921875 0.07421875 0.08984375
4 0.7451171875 0.5595703125 0.083984375 0.095703125
4 0.48046875 0.609375 0.072265625 0.1015625
4 0.41015625 0.6328125 0.078125 0.111328125
4 0.10546875 0.10546875 0.046875 0.0703125
4 0.3203125 0.6591796875 0.08203125 0.103515625
4 0.8447265625 0.615234375 0.072265625 0.10546875
4 0.095703125 0.7080078125 0.07421875 0.1015625
4 0.3740234375 0.0791015625 0.04296875 0.056640625
4 0.5791015625 0.6865234375 0.078125 0.111328125
4 0.814453125 0.6806640625 0.087890625 0.1328125
4 0.162109375 0.783203125 0.083984375 0.08984375
4 0.345703125 0.765625 0.078125 0.09375
4 0.646484375 0.7421875 0.07421875 0.1015625
4 0.2734375 0.7861328125 0.08203125 0.095703125
4 0.45703125 0.8076171875 0.091796875 0.12109375
4 0.1630859375 0.8662109375 0.08203125 0.099609375
4 0.599609375 0.8330078125 0.08203125 0.107421875
4 0.7705078125 0.8154296875 0.087890625 0.099609375
4 0.3056640625 0.1953125 0.046875 0.06640625
4 0.396484375 0.2470703125 0.052734375 0.0703125
4 0.3271484375 0.25390625 0.05078125 0.0625
4 0.2080078125 0.341796875 0.056640625 0.095703125
4 0.2958984375 0.34765625 0.05859375 0.091796875
4 0.3466796875 0.34375 0.06640625 0.080078125
4 0.44140625 0.36328125 0.056640625 0.080078125
4 0.1142578125 0.4150390625 0.06640625 0.09765625
4 0.2646484375 0.4140625 0.0703125 0.078125
4 0.71484375 0.3720703125 0.068359375 0.087890625