4 0.3369140625 0.4072265625 0.0546875 0.08203125
4 0.6015625 0.431640625 0.0546875 0.078125
4 0.203125 0.408203125 0.06640625 0.0625
4 0.5556640625 0.44140625 0.06640625 0.095703125
4 0.138671875 0.4453125 0.05859375 0.0859375
4 0.0869140625 0.44140625 0.068359375 0.087890625
4 0.439453125 0.466796875 0.07421875 0.095703125
4 0.7197265625 0.5302734375 0.0625 0.091796875
4 0.3681640625 0.51171875 0.0625 0.078125
4 0.890625 0.5498046875 0.076171875 0.109375
4 0.763671875 0.541015625 0.068359375 0.091796875
4 0.5712890625 0.5361328125 0.05859375 0.091796875
4 0.4775390625 0.5556640625 0.068359375 0.091796875
4 0.1806640625 0.552734375 0.0703125 0.087890625
4 0.2578125 0.568359375 0.08203125 0.09375
4 0.5234375 0.6083984375 0.068359375 0.099609375
4 0.5947265625 0.6298828125 0.076171875 0.109375
4 0.880859375 0.091796875 0.044921875 0.068359375
4 0.685546875 0.6533203125 0.078125 0.099609375
4 0.1591796875 0.626953125 0.068359375 0.103515625
4 0.9111328125 0.6943359375 0.072265625 0.099609375
4 0.611328125 0.0751953125 0.041015625 0.056640625
4 0.4267578125 0.6884765625 0.076171875 0.109375
4 0.1923828125 0.69140625 0.083984375 0.130859375
4 0.84765625 0.7705078125 0.080078125 0.087890625
4 0.6640625 0.759765625 0.07421875 0.091796875
4 0.3623046875 0.7470703125 0.072265625 0.099609375
4 0.736328125 0.7783203125 0.078125 0.091796875
4 0.5537109375 0.806640625 0.087890625 0.1171875
4 0.849609375 0.8544921875 0.078125 0.095703125
4 0.412109375 0.8369140625 0.078125 0.103515625
4 0.240234375 0.82421875 0.083984375 0.09765625
4 0.68359375 0.1884765625 0.044921875 0.064453125
4 0.5947265625 0.2431640625 0.05078125 0.0703125
4 0.6640625 0.248046875 0.048828125 0.060546875
4 0.7861328125 0.33203125 0.052734375 0.095703125
4 0.69921875 0.3408203125 0.056640625 0.091796875
4 0.6474609375 0.3388671875 0.064453125 0.080078125
4 0.5537109375 0.361328125 0.0546875 0.078125
4 0.8828125 0.4013671875 0.0625 0.095703125
4 0.7314453125 0.4052734375 0.06640625 0.076171875
4 0.28125 0.3798828125 0.064453125 0.087890625