4 0.6689453125 0.4189453125 0.0498046875 0.0791015625
4 0.4033203125 0.4248046875 0.0498046875 0.0751953125
4 0.802734375 0.4287109375 0.0625 0.05859375
4 0.4482421875 0.4375 0.0595703125 0.091796875
4 0.8642578125 0.470703125 0.052734375 0.0830078125
4 0.916015625 0.470703125 0.0625 0.0830078125
4 0.5625 0.470703125 0.068359375 0.091796875
4 0.2783203125 0.5146484375 0.056640625 0.087890625
4 0.630859375 0.5205078125 0.056640625 0.0751953125
4 0.1064453125 0.5224609375 0.068359375 0.1044921875
4 0.234375 0.5224609375 0.0625 0.087890625
4 0.4267578125 0.53125 0.052734375 0.087890625
4 0.5185546875 0.556640625 0.0625 0.087890625
4 0.814453125 0.5751953125 0.0654296875 0.0830078125
4 0.7373046875 0.5849609375 0.0751953125 0.087890625
4 0.46875 0.6064453125 0.0625 0.095703125
4 0.396484375 0.623046875 0.068359375 0.1044921875
4 0.1484375 0.06640625 0.041015625 0.06640625
4 0.3046875 0.6396484375 0.072265625 0.095703125
4 0.8310546875 0.650390625 0.0625 0.099609375
4 0.076171875 0.6650390625 0.0654296875 0.095703125
4 0.4189453125 0.068359375 0.037109375 0.0537109375
4 0.5595703125 0.693359375 0.068359375 0.1044921875
4 0.7939453125 0.712890625 0.0751953125 0.125
4 0.134765625 0.74609375 0.0751953125 0.0830078125
4 0.318359375 0.748046875 0.068359375 0.087890625
4 0.6201171875 0.755859375 0.0654296875 0.095703125
4 0.2451171875 0.7607421875 0.072265625 0.087890625
4 0.4248046875 0.8017578125 0.0810546875 0.1123046875
4 0.126953125 0.8291015625 0.072265625 0.091796875
4 0.564453125 0.841796875 0.072265625 0.099609375
4 0.736328125 0.841796875 0.078125 0.091796875
4 0.3388671875 0.1767578125 0.041015625 0.0625
4 0.423828125 0.2373046875 0.046875 0.06640625
4 0.353515625 0.2373046875 0.0439453125 0.05859375
4 0.2265625 0.3125 0.046875 0.091796875
4 0.3125 0.3271484375 0.0498046875 0.087890625
4 0.3642578125 0.3291015625 0.0595703125 0.0751953125
4 0.4560546875 0.3583984375 0.0498046875 0.0751953125
4 0.125 0.375 0.056640625 0.091796875
4 0.275390625 0.3896484375 0.0625 0.0712890625
4 0.7265625 0.3955078125 0.0595703125 0.0830078125