4 0.759765625 0.3076171875 0.1123046875 0.16796875
4 0.1162109375 0.3720703125 0.091796875 0.1826171875
4 0.919921875 0.388671875 0.087890625 0.2265625
4 0.1796875 0.427734375 0.087890625 0.1708984375
4 0.298828125 0.4853515625 0.1376953125 0.2060546875
4 0.546875 0.623046875 0.1220703125 0.19140625
4 0.875 0.650390625 0.1416015625 0.2001953125
4 0.6953125 0.669921875 0.154296875 0.203125
4 0.4150390625 0.763671875 0.1142578125 0.1533203125
4 0.337890625 0.79296875 0.103515625 0.1943359375
4 0.525390625 0.119140625 0.08984375 0.138671875
4 0.255859375 0.26953125 0.083984375 0.150390625