4 0.775390625 0.3310546875 0.126953125 0.177734375
4 0.12890625 0.3388671875 0.107421875 0.189453125
4 0.927734375 0.42578125 0.107421875 0.232421875
4 0.1875 0.400390625 0.1015625 0.177734375
4 0.30078125 0.4677734375 0.154296875 0.216796875
4 0.5361328125 0.626953125 0.138671875 0.201171875
4 0.8603515625 0.6826171875 0.158203125 0.2109375
4 0.6796875 0.6865234375 0.171875 0.21484375
4 0.392578125 0.7548828125 0.126953125 0.162109375
4 0.3125 0.77734375 0.119140625 0.203125
4 0.55859375 0.123046875 0.1015625 0.146484375
4 0.27734375 0.2490234375 0.09765625 0.15625