4 0.2275390625 0.326171875 0.123046875 0.17578125
4 0.8740234375 0.345703125 0.103515625 0.189453125
4 0.0732421875 0.41796875 0.103515625 0.232421875
4 0.814453125 0.4052734375 0.099609375 0.17578125
4 0.69921875 0.4716796875 0.15234375 0.21484375
4 0.4619140625 0.6259765625 0.134765625 0.19921875
4 0.13671875 0.67578125 0.154296875 0.208984375
4 0.3173828125 0.68359375 0.16796875 0.212890625
4 0.603515625 0.7568359375 0.125 0.16015625
4 0.6826171875 0.78125 0.1171875 0.201171875
4 0.4482421875 0.1220703125 0.099609375 0.14453125
4 0.7275390625 0.2529296875 0.09375 0.15625