4 0.818359375 0.4609375 0.12890625 0.1884765625
4 0.119140625 0.5322265625 0.154296875 0.2294921875
4 0.59375 0.5966796875 0.12890625 0.15625
4 0.2900390625 0.6123046875 0.2041015625 0.2431640625
4 0.8525390625 0.6357421875 0.12890625 0.197265625
4 0.71484375 0.6669921875 0.1123046875 0.169921875
4 0.4169921875 0.7587890625 0.1337890625 0.142578125
4 0.1396484375 0.791015625 0.12890625 0.1513671875
4 0.8125 0.8349609375 0.1416015625 0.18359375
4 0.9453125 0.875 0.109375 0.2109375
4 0.341796875 0.142578125 0.1083984375 0.146484375
4 0.880859375 0.1630859375 0.1455078125 0.197265625
4 0.658203125 0.2724609375 0.1416015625 0.197265625
4 0.162109375 0.2841796875 0.1416015625 0.1923828125
4 0.43359375 0.3505859375 0.1337890625 0.2060546875