4 0.8017578125 0.390625 0.16796875 0.212890625
4 0.1357421875 0.6171875 0.201171875 0.2578125
4 0.61328125 0.5732421875 0.16015625 0.181640625
4 0.3203125 0.65625 0.25390625 0.283203125
4 0.8740234375 0.552734375 0.169921875 0.220703125
4 0.7470703125 0.6142578125 0.1484375 0.19140625
4 0.4775390625 0.7705078125 0.162109375 0.169921875
4 0.2138671875 0.8642578125 0.16015625 0.17578125
4 0.8798828125 0.755859375 0.1796875 0.2109375
4 0.970703125 0.765625 0.05859375 0.23046875
4 0.265625 0.1875 0.138671875 0.16796875
4 0.7939453125 0.0986328125 0.185546875 0.197265625
4 0.6025390625 0.2431640625 0.181640625 0.224609375
4 0.1220703125 0.365234375 0.181640625 0.21875
4 0.4013671875 0.369140625 0.17578125 0.23046875