4 0.1806640625 0.5283203125 0.166015625 0.2109375
4 0.87890625 0.4521484375 0.19921875 0.255859375
4 0.4287109375 0.6142578125 0.158203125 0.1796875
4 0.728515625 0.56640625 0.25 0.28125
4 0.18359375 0.7060546875 0.16796875 0.220703125
4 0.32421875 0.7080078125 0.14453125 0.189453125
4 0.634765625 0.736328125 0.16015625 0.16796875
4 0.9130859375 0.7099609375 0.158203125 0.17578125
4 0.263671875 0.892578125 0.17578125 0.208984375
4 0.1416015625 0.921875 0.150390625 0.15625
4 0.580078125 0.1171875 0.13671875 0.166015625
4 0.07421875 0.25 0.1484375 0.22265625
4 0.2978515625 0.310546875 0.1796875 0.22265625
4 0.78515625 0.21875 0.177734375 0.216796875
4 0.5341796875 0.33984375 0.173828125 0.228515625