4 0.7333984375 0.271484375 0.138671875 0.1796875
4 0.337890625 0.3408203125 0.109375 0.146484375
4 0.7880859375 0.33984375 0.119140625 0.150390625
4 0.458984375 0.455078125 0.130859375 0.17578125
4 0.5947265625 0.44140625 0.134765625 0.162109375
4 0.7548828125 0.4892578125 0.138671875 0.177734375
4 0.1201171875 0.59765625 0.1328125 0.166015625
4 0.259765625 0.6064453125 0.111328125 0.1640625
4 0.572265625 0.736328125 0.173828125 0.271484375
4 0.455078125 0.8369140625 0.173828125 0.208984375
4 0.302734375 0.8623046875 0.154296875 0.19140625
4 0.880859375 0.7705078125 0.09765625 0.130859375
4 0.701171875 0.1865234375 0.1328125 0.15625