4 0.2333984375 0.310546875 0.1142578125 0.1640625
4 0.634765625 0.3173828125 0.08984375 0.1337890625
4 0.1904296875 0.38671875 0.099609375 0.13671875
4 0.533203125 0.44921875 0.1064453125 0.1611328125
4 0.3974609375 0.45703125 0.1142578125 0.1455078125
4 0.2470703125 0.529296875 0.1142578125 0.1611328125
4 0.890625 0.537109375 0.1103515625 0.1513671875
4 0.75390625 0.5673828125 0.087890625 0.1513671875
4 0.4658203125 0.7451171875 0.1357421875 0.2529296875
4 0.5966796875 0.826171875 0.146484375 0.1875
4 0.751953125 0.8271484375 0.1279296875 0.1728515625
4 0.166015625 0.8271484375 0.080078125 0.119140625
4 0.251953125 0.2216796875 0.1123046875 0.1396484375