4 0.7998046875 0.3701171875 0.146484375 0.18359375
4 0.40625 0.29296875 0.115234375 0.150390625
4 0.826171875 0.453125 0.125 0.154296875
4 0.478515625 0.443359375 0.13671875 0.1796875
4 0.609375 0.4794921875 0.142578125 0.166015625
4 0.7412109375 0.5810546875 0.14453125 0.181640625
4 0.1103515625 0.455078125 0.138671875 0.171875
4 0.2373046875 0.5126953125 0.1171875 0.166015625
4 0.482421875 0.7470703125 0.185546875 0.275390625
4 0.337890625 0.798828125 0.181640625 0.212890625
4 0.185546875 0.767578125 0.16015625 0.1953125
4 0.7587890625 0.8896484375 0.103515625 0.1328125
4 0.80078125 0.279296875 0.138671875 0.16015625