3 0.84765625 0.3876953125 0.115234375 0.162109375
3 0.38671875 0.046875 0.0390625 0.068359375
3 0.5634765625 0.046875 0.04296875 0.060546875
3 0.0380859375 0.47265625 0.076171875 0.3046875
3 0.103515625 0.478515625 0.083984375 0.205078125
3 0.6708984375 0.564453125 0.142578125 0.19140625
3 0.3779296875 0.599609375 0.15234375 0.23046875
3 0.67578125 0.748046875 0.169921875 0.30859375
3 0.947265625 0.0791015625 0.06640625 0.126953125
3 0.1494140625 0.939453125 0.158203125 0.12109375
3 0.013671875 0.1337890625 0.02734375 0.064453125
3 0.4716796875 0.14453125 0.056640625 0.103515625
3 0.791015625 0.140625 0.0390625 0.056640625
3 0.6962890625 0.1884765625 0.08984375 0.12890625
3 0.41015625 0.20703125 0.046875 0.068359375
3 0.9501953125 0.212890625 0.068359375 0.115234375
3 0.865234375 0.2373046875 0.08984375 0.146484375
3 0.212890625 0.275390625 0.091796875 0.158203125
3 0.5791015625 0.2744140625 0.076171875 0.1328125
3 0.6474609375 0.02734375 0.03515625 0.046875
3 0.7314453125 0.298828125 0.076171875 0.107421875
3 0.4423828125 0.328125 0.091796875 0.166015625
3 0.6630859375 0.3369140625 0.0859375 0.146484375
3 0.3525390625 0.3515625 0.1015625 0.20703125