3 0.826171875 0.333984375 0.138671875 0.177734375
3 0.3173828125 0.0703125 0.048828125 0.072265625
3 0.4912109375 0.0419921875 0.052734375 0.06640625
3 0.0498046875 0.5458984375 0.099609375 0.310546875
3 0.1044921875 0.541015625 0.11328125 0.21484375
3 0.6787109375 0.537109375 0.169921875 0.208984375
3 0.39453125 0.6181640625 0.185546875 0.25
3 0.712890625 0.7177734375 0.21484375 0.330078125
3 0.875 0.041015625 0.0859375 0.08203125
3 0.22265625 0.958984375 0.17578125 0.08203125
3 0.416015625 0.154296875 0.072265625 0.111328125
3 0.73046875 0.099609375 0.046875 0.0625
3 0.6455078125 0.162109375 0.109375 0.140625
3 0.365234375 0.224609375 0.056640625 0.07421875
3 0.8994140625 0.1455078125 0.0859375 0.125
3 0.8203125 0.18359375 0.111328125 0.158203125
3 0.181640625 0.3232421875 0.115234375 0.169921875
3 0.54296875 0.2646484375 0.095703125 0.142578125
3 0.5712890625 0.017578125 0.041015625 0.03515625
3 0.697265625 0.2646484375 0.091796875 0.1171875
3 0.416015625 0.3388671875 0.1171875 0.177734375
3 0.6357421875 0.3134765625 0.107421875 0.158203125
3 0.3310546875 0.3759765625 0.1328125 0.220703125