3 0.150390625 0.3935546875 0.1123046875 0.16015625
3 0.60546875 0.044921875 0.0380859375 0.0673828125
3 0.4287109375 0.0478515625 0.0419921875 0.060546875
3 0.962890625 0.46484375 0.07421875 0.302734375
3 0.896484375 0.4716796875 0.080078125 0.203125
3 0.330078125 0.5673828125 0.1396484375 0.1884765625
3 0.6240234375 0.59765625 0.1484375 0.2275390625
3 0.328125 0.7509765625 0.1640625 0.3056640625
3 0.0458984375 0.0869140625 0.064453125 0.125
3 0.8583984375 0.9375 0.15625 0.125
3 0.98046875 0.125 0.0283203125 0.064453125
3 0.5224609375 0.14453125 0.0556640625 0.103515625
3 0.203125 0.1455078125 0.0380859375 0.056640625
3 0.2978515625 0.1923828125 0.087890625 0.1279296875
3 0.5849609375 0.205078125 0.0458984375 0.0673828125
3 0.044921875 0.220703125 0.06640625 0.1142578125
3 0.1298828125 0.244140625 0.087890625 0.1455078125
3 0.783203125 0.2705078125 0.08984375 0.15625
3 0.4169921875 0.275390625 0.07421875 0.1318359375
3 0.3447265625 0.0302734375 0.0341796875 0.0458984375
3 0.2646484375 0.302734375 0.07421875 0.1064453125
3 0.5546875 0.3271484375 0.08984375 0.1640625
3 0.333984375 0.33984375 0.083984375 0.1455078125
3 0.64453125 0.3486328125 0.09765625 0.2060546875