4 0.291015625 0.5166015625 0.1064453125 0.1748046875
4 0.720703125 0.5498046875 0.115234375 0.1337890625
4 0.189453125 0.55859375 0.0966796875 0.150390625
4 0.8671875 0.6025390625 0.134765625 0.2294921875
4 0.3857421875 0.6435546875 0.0966796875 0.1708984375
4 0.5029296875 0.6474609375 0.15625 0.212890625
4 0.078125 0.6728515625 0.09375 0.1376953125
4 0.373046875 0.8017578125 0.103515625 0.1708984375
4 0.9306640625 0.865234375 0.138671875 0.25
4 0.5693359375 0.9013671875 0.123046875 0.197265625
4 0.103515625 0.916015625 0.140625 0.16796875
4 0.2841796875 0.1064453125 0.087890625 0.1044921875
4 0.501953125 0.1162109375 0.083984375 0.125
4 0.8701171875 0.248046875 0.1220703125 0.1875
4 0.5703125 0.255859375 0.0966796875 0.12109375
4 0.3984375 0.314453125 0.0966796875 0.162109375
4 0.291015625 0.31640625 0.0751953125 0.1416015625
4 0.15625 0.3212890625 0.2001953125 0.216796875
4 0.728515625 0.375 0.1123046875 0.1669921875