4 0.29296875 0.53125 0.119140625 0.181640625
4 0.7236328125 0.5341796875 0.125 0.140625
4 0.1943359375 0.580078125 0.107421875 0.15625
4 0.873046875 0.5771484375 0.150390625 0.23828125
4 0.396484375 0.6513671875 0.107421875 0.177734375
4 0.513671875 0.646484375 0.169921875 0.22265625
4 0.0908203125 0.7021484375 0.103515625 0.14453125
4 0.39453125 0.8095703125 0.115234375 0.177734375
4 0.9384765625 0.8330078125 0.123046875 0.259765625
4 0.5966796875 0.8955078125 0.13671875 0.205078125
4 0.1328125 0.9267578125 0.15234375 0.146484375
4 0.2568359375 0.1220703125 0.095703125 0.111328125
4 0.4755859375 0.1171875 0.091796875 0.130859375
4 0.8515625 0.22265625 0.134765625 0.1953125
4 0.552734375 0.251953125 0.10546875 0.126953125
4 0.3857421875 0.322265625 0.107421875 0.16796875
4 0.2783203125 0.3310546875 0.083984375 0.146484375
4 0.14453125 0.345703125 0.21484375 0.23046875
4 0.7197265625 0.359375 0.123046875 0.173828125