4 0.2919921875 0.47265625 0.140625 0.193359375
4 0.705078125 0.5947265625 0.140625 0.154296875
4 0.18359375 0.4931640625 0.125 0.16796875
4 0.837890625 0.6767578125 0.1796875 0.251953125
4 0.3583984375 0.6162109375 0.130859375 0.1875
4 0.47265625 0.64453125 0.197265625 0.240234375
4 0.0556640625 0.5810546875 0.111328125 0.154296875
4 0.3134765625 0.7685546875 0.13671875 0.189453125
4 0.845703125 0.9052734375 0.1875 0.189453125
4 0.4833984375 0.8984375 0.162109375 0.203125
4 0.0556640625 0.8232421875 0.111328125 0.193359375
4 0.37109375 0.0703125 0.107421875 0.12109375
4 0.58203125 0.125 0.107421875 0.140625
4 0.9140625 0.330078125 0.158203125 0.208984375
4 0.619140625 0.275390625 0.119140625 0.138671875
4 0.439453125 0.2978515625 0.12890625 0.177734375
4 0.333984375 0.27734375 0.103515625 0.154296875
4 0.201171875 0.25390625 0.240234375 0.25390625
4 0.7490234375 0.4248046875 0.14453125 0.1875