3 0.431640625 0.3037109375 0.103515625 0.150390625
3 0.1767578125 0.337890625 0.154296875 0.1650390625
3 0.9619140625 0.4052734375 0.076171875 0.2158203125
3 0.7841796875 0.41015625 0.2998046875 0.4658203125
3 0.439453125 0.478515625 0.2216796875 0.3271484375
3 0.2919921875 0.4912109375 0.1279296875 0.1953125
3 0.1318359375 0.7509765625 0.259765625 0.498046875
3 0.529296875 0.796875 0.353515625 0.4052734375
3 0.4775390625 0.1376953125 0.0595703125 0.078125
3 0.3330078125 0.17578125 0.0458984375 0.0634765625
3 0.939453125 0.2236328125 0.078125 0.1416015625
3 0.5859375 0.279296875 0.1484375 0.150390625