3 0.6103515625 0.32421875 0.134765625 0.169921875
3 0.8515625 0.4150390625 0.1875 0.1953125
3 0.0712890625 0.3037109375 0.123046875 0.2265625
3 0.2431640625 0.3486328125 0.396484375 0.521484375
3 0.5634765625 0.4931640625 0.2890625 0.369140625
3 0.705078125 0.5380859375 0.16796875 0.21875
3 0.8017578125 0.77734375 0.365234375 0.4453125
3 0.4033203125 0.7724609375 0.435546875 0.455078125
3 0.603515625 0.15234375 0.076171875 0.08984375
3 0.7353515625 0.2216796875 0.05859375 0.072265625
3 0.1337890625 0.1318359375 0.107421875 0.15625
3 0.4658203125 0.265625 0.177734375 0.1796875