3 0.6015625 0.318359375 0.12890625 0.166015625
3 0.8466796875 0.396484375 0.1796875 0.189453125
3 0.0615234375 0.326171875 0.11328125 0.2265625
3 0.2353515625 0.3623046875 0.376953125 0.51171875
3 0.5634765625 0.4892578125 0.275390625 0.361328125
3 0.7060546875 0.52734375 0.16015625 0.21484375
3 0.8193359375 0.771484375 0.341796875 0.45703125
3 0.419921875 0.7783203125 0.41796875 0.443359375
3 0.5849609375 0.1474609375 0.072265625 0.087890625
3 0.720703125 0.2099609375 0.056640625 0.0703125
3 0.115234375 0.1513671875 0.1015625 0.15234375
3 0.4541015625 0.267578125 0.171875 0.173828125