3 0.4404296875 0.3876953125 0.048828125 0.060546875
3 0.4130859375 0.400390625 0.05078125 0.060546875
3 0.1748046875 0.45703125 0.0546875 0.068359375
3 0.3408203125 0.4423828125 0.056640625 0.0703125
3 0.1005859375 0.5185546875 0.037109375 0.05859375
3 0.072265625 0.544921875 0.04296875 0.0625
3 0.271484375 0.505859375 0.06640625 0.08984375
3 0.2265625 0.5185546875 0.060546875 0.083984375
3 0.12109375 0.5712890625 0.056640625 0.0703125
3 0.1611328125 0.564453125 0.046875 0.06640625
3 0.3359375 0.5654296875 0.056640625 0.076171875
3 0.44921875 0.552734375 0.078125 0.1015625
3 0.53515625 0.54296875 0.044921875 0.08203125
3 0.0859375 0.6845703125 0.06640625 0.076171875
3 0.33203125 0.6416015625 0.046875 0.0546875
3 0.162109375 0.6884765625 0.115234375 0.138671875
3 0.0654296875 0.732421875 0.048828125 0.072265625
3 0.3505859375 0.720703125 0.126953125 0.14453125
3 0.48828125 0.77734375 0.1328125 0.197265625
3 0.3564453125 0.302734375 0.0390625 0.0546875
3 0.3037109375 0.3251953125 0.052734375 0.060546875