3 0.517578125 0.3740234375 0.044921875 0.05859375
3 0.5478515625 0.376953125 0.046875 0.05859375
3 0.791015625 0.3486328125 0.052734375 0.06640625
3 0.6298828125 0.390625 0.052734375 0.068359375
3 0.8818359375 0.380859375 0.033203125 0.056640625
3 0.9169921875 0.3955078125 0.0390625 0.060546875
3 0.716796875 0.4267578125 0.060546875 0.087890625
3 0.763671875 0.423828125 0.056640625 0.080078125
3 0.880859375 0.4375 0.052734375 0.068359375
3 0.83984375 0.4443359375 0.04296875 0.064453125
3 0.6767578125 0.505859375 0.052734375 0.07421875
3 0.5654296875 0.5322265625 0.07421875 0.09765625
3 0.4814453125 0.552734375 0.041015625 0.08203125
3 0.9521484375 0.5322265625 0.0625 0.072265625
3 0.7060546875 0.5751953125 0.044921875 0.052734375
3 0.8828125 0.5615234375 0.107421875 0.134765625
3 0.982421875 0.568359375 0.03515625 0.0703125
3 0.7158203125 0.65625 0.119140625 0.138671875
3 0.6064453125 0.755859375 0.12109375 0.193359375
3 0.5673828125 0.265625 0.03515625 0.0546875
3 0.6240234375 0.2685546875 0.048828125 0.05859375