3 0.328125 0.4443359375 0.0400390625 0.072265625
3 0.3759765625 0.4638671875 0.0556640625 0.1103515625
3 0.107421875 0.474609375 0.0380859375 0.0810546875
3 0.912109375 0.5087890625 0.083984375 0.1318359375
3 0.0673828125 0.59765625 0.0615234375 0.115234375
3 0.0947265625 0.734375 0.078125 0.140625
3 0.8564453125 0.1513671875 0.0517578125 0.0810546875
3 0.4384765625 0.259765625 0.0361328125 0.0595703125
3 0.8271484375 0.2763671875 0.0380859375 0.09375
3 0.2333984375 0.333984375 0.0302734375 0.0634765625
3 0.4619140625 0.3408203125 0.0322265625 0.09375
3 0.49609375 0.3408203125 0.0322265625 0.09375
3 0.05859375 0.3447265625 0.0419921875 0.0595703125
3 0.9423828125 0.3486328125 0.0517578125 0.1025390625
3 0.318359375 0.357421875 0.0595703125 0.1103515625
3 0.4052734375 0.3681640625 0.0263671875 0.0810546875
3 0.890625 0.376953125 0.0576171875 0.08984375
3 0.0615234375 0.4130859375 0.0439453125 0.076171875
3 0.2626953125 0.4150390625 0.0458984375 0.072265625