3 0.3232421875 0.462890625 0.046875 0.076171875
3 0.373046875 0.4765625 0.06640625 0.115234375
3 0.1064453125 0.515625 0.046875 0.083984375
3 0.9111328125 0.4658203125 0.09765625 0.140625
3 0.080078125 0.642578125 0.072265625 0.12109375
3 0.12109375 0.775390625 0.091796875 0.1484375
3 0.818359375 0.1162109375 0.060546875 0.0859375
3 0.4140625 0.267578125 0.04296875 0.0625
3 0.8017578125 0.2431640625 0.046875 0.09765625
3 0.2177734375 0.3623046875 0.037109375 0.06640625
3 0.4453125 0.345703125 0.041015625 0.095703125
3 0.4794921875 0.341796875 0.041015625 0.095703125
3 0.044921875 0.3916015625 0.048828125 0.064453125
3 0.923828125 0.302734375 0.0625 0.107421875
3 0.3046875 0.376953125 0.0703125 0.115234375
3 0.3916015625 0.37890625 0.03515625 0.083984375
3 0.8759765625 0.3369140625 0.06640625 0.095703125
3 0.0546875 0.458984375 0.05078125 0.080078125
3 0.2548828125 0.4404296875 0.052734375 0.076171875