3 0.3408203125 0.4150390625 0.052734375 0.078125
3 0.3837890625 0.443359375 0.07421875 0.119140625
3 0.1181640625 0.4072265625 0.05078125 0.0859375
3 0.904296875 0.580078125 0.10546875 0.14453125
3 0.056640625 0.521484375 0.080078125 0.125
3 0.060546875 0.66015625 0.1015625 0.15234375
3 0.9111328125 0.21875 0.064453125 0.087890625
3 0.4814453125 0.2529296875 0.046875 0.064453125
3 0.861328125 0.3369140625 0.0546875 0.099609375
3 0.2666015625 0.2900390625 0.041015625 0.068359375
3 0.490234375 0.3369140625 0.048828125 0.09765625
3 0.5234375 0.3427734375 0.048828125 0.09765625
3 0.091796875 0.2705078125 0.05078125 0.06640625
3 0.9619140625 0.427734375 0.068359375 0.109375
3 0.345703125 0.328125 0.078125 0.119140625
3 0.4296875 0.353515625 0.041015625 0.083984375
3 0.90625 0.4462890625 0.072265625 0.09765625
3 0.0830078125 0.337890625 0.056640625 0.08203125
3 0.28125 0.375 0.05859375 0.080078125