3 0.087890625 0.3017578125 0.064453125 0.0927734375
3 0.6787109375 0.330078125 0.0576171875 0.078125
3 0.259765625 0.36328125 0.0556640625 0.072265625
3 0.9814453125 0.396484375 0.0341796875 0.08984375
3 0.8154296875 0.4072265625 0.06640625 0.0927734375
3 0.9140625 0.4130859375 0.072265625 0.111328125
3 0.65234375 0.4462890625 0.0361328125 0.0810546875
3 0.1220703125 0.4853515625 0.076171875 0.1416015625
3 0.26171875 0.48828125 0.083984375 0.18359375
3 0.9482421875 0.5498046875 0.0556640625 0.1142578125
3 0.7490234375 0.662109375 0.1064453125 0.2431640625
3 0.16015625 0.759765625 0.095703125 0.2041015625
3 0.92578125 0.791015625 0.1484375 0.2255859375
3 0.052734375 0.94140625 0.1015625 0.1171875
3 0.5615234375 0.24609375 0.064453125 0.095703125
3 0.2587890625 0.2744140625 0.0537109375 0.0869140625