3 0.46484375 0.3779296875 0.0380859375 0.0537109375
3 0.435546875 0.384765625 0.0400390625 0.0537109375
3 0.1904296875 0.390625 0.0439453125 0.060546875
3 0.3564453125 0.41015625 0.0439453125 0.0634765625
3 0.10546875 0.435546875 0.0263671875 0.0537109375
3 0.072265625 0.455078125 0.0322265625 0.056640625
3 0.275390625 0.4580078125 0.0498046875 0.0810546875
3 0.228515625 0.4609375 0.0458984375 0.0751953125
3 0.1142578125 0.4912109375 0.0439453125 0.0634765625
3 0.1552734375 0.4921875 0.0341796875 0.060546875
3 0.326171875 0.5302734375 0.0439453125 0.0693359375
3 0.439453125 0.541015625 0.0615234375 0.08984375
3 0.525390625 0.5498046875 0.0302734375 0.078125
3 0.056640625 0.5947265625 0.0537109375 0.06640625
3 0.306640625 0.603515625 0.0380859375 0.0478515625
3 0.1298828125 0.6142578125 0.091796875 0.123046875
3 0.0263671875 0.63671875 0.0361328125 0.06640625
3 0.3076171875 0.6845703125 0.103515625 0.1259765625
3 0.4306640625 0.7685546875 0.09765625 0.1806640625
3 0.400390625 0.27734375 0.0283203125 0.05078125
3 0.3447265625 0.2880859375 0.0419921875 0.0537109375