3 0.064453125 0.361328125 0.076171875 0.1015625
3 0.6533203125 0.306640625 0.068359375 0.0859375
3 0.2431640625 0.3984375 0.064453125 0.080078125
3 0.9619140625 0.330078125 0.046875 0.09375
3 0.7998046875 0.3642578125 0.078125 0.1015625
3 0.8974609375 0.3564453125 0.087890625 0.12109375
3 0.6435546875 0.42578125 0.046875 0.0859375
3 0.1240234375 0.5380859375 0.095703125 0.150390625
3 0.2626953125 0.521484375 0.109375 0.193359375
3 0.951171875 0.4873046875 0.0703125 0.12109375
3 0.76953125 0.6259765625 0.138671875 0.255859375
3 0.19921875 0.8046875 0.123046875 0.21484375
3 0.9365234375 0.7275390625 0.126953125 0.244140625
3 0.1171875 0.966796875 0.1171875 0.06640625
3 0.525390625 0.240234375 0.076171875 0.103515625
3 0.2294921875 0.310546875 0.064453125 0.09375