3 0.1328125 0.2265625 0.080078125 0.103515625
3 0.7080078125 0.3671875 0.072265625 0.087890625
3 0.2900390625 0.3203125 0.068359375 0.08203125
3 0.9833984375 0.490234375 0.033203125 0.09375
3 0.8271484375 0.46875 0.08203125 0.103515625
3 0.9228515625 0.494140625 0.091796875 0.123046875
3 0.66015625 0.4765625 0.05078125 0.0859375
3 0.1318359375 0.4130859375 0.1015625 0.154296875
3 0.2685546875 0.443359375 0.1171875 0.1953125
3 0.9306640625 0.634765625 0.076171875 0.123046875
3 0.7138671875 0.70703125 0.150390625 0.259765625
3 0.1171875 0.6904296875 0.1328125 0.21875
3 0.8623046875 0.8671875 0.189453125 0.25
3 0.0185546875 0.8466796875 0.037109375 0.134765625
3 0.6083984375 0.2626953125 0.08203125 0.10546875
3 0.306640625 0.232421875 0.068359375 0.095703125