3 0.787109375 0.1044921875 0.08984375 0.056640625
3 0.2978515625 0.537109375 0.11328125 0.10546875
3 0.4111328125 0.5693359375 0.140625 0.1171875
3 0.5166015625 0.7568359375 0.115234375 0.154296875
3 0.13671875 0.705078125 0.244140625 0.251953125
3 0.60546875 0.0986328125 0.064453125 0.05859375
3 0.8291015625 0.95703125 0.099609375 0.0859375
3 0.720703125 0.958984375 0.08984375 0.08203125
3 0.259765625 0.8408203125 0.189453125 0.244140625
3 0.451171875 0.9072265625 0.25 0.185546875
3 0.65234375 0.9580078125 0.13671875 0.083984375
3 0.0791015625 0.84765625 0.158203125 0.14453125
3 0.802734375 0.1669921875 0.078125 0.080078125
3 0.650390625 0.158203125 0.08984375 0.095703125
3 0.94921875 0.2646484375 0.05859375 0.064453125
3 0.578125 0.1650390625 0.099609375 0.10546875
3 0.7470703125 0.21484375 0.091796875 0.103515625
3 0.87890625 0.2685546875 0.091796875 0.076171875