3 0.6748046875 0.0439453125 0.0830078125 0.037109375
3 0.314453125 0.587890625 0.095703125 0.0830078125
3 0.431640625 0.58984375 0.12109375 0.087890625
3 0.5830078125 0.744140625 0.0830078125 0.1376953125
3 0.2021484375 0.7919921875 0.1962890625 0.2080078125
3 0.498046875 0.0849609375 0.0537109375 0.0458984375
3 0.943359375 0.880859375 0.0712890625 0.12109375
3 0.8330078125 0.8876953125 0.0751953125 0.06640625
3 0.3564453125 0.8916015625 0.1376953125 0.216796875
3 0.5625 0.9169921875 0.216796875 0.158203125
3 0.7705078125 0.9208984375 0.1162109375 0.091796875
3 0.162109375 0.9501953125 0.18359375 0.099609375
3 0.7060546875 0.099609375 0.0625 0.06640625
3 0.556640625 0.130859375 0.0712890625 0.0791015625
3 0.873046875 0.15625 0.0458984375 0.0537109375
3 0.4892578125 0.15625 0.0791015625 0.087890625
3 0.6650390625 0.16015625 0.0712890625 0.087890625
3 0.806640625 0.1787109375 0.0791015625 0.05859375