3 0.7724609375 0.0947265625 0.08984375 0.0546875
3 0.2998046875 0.5439453125 0.111328125 0.1015625
3 0.4130859375 0.572265625 0.138671875 0.11328125
3 0.5263671875 0.7568359375 0.111328125 0.15234375
3 0.14453125 0.7177734375 0.23828125 0.24609375
3 0.591796875 0.0947265625 0.0625 0.056640625
3 0.845703125 0.951171875 0.09765625 0.09765625
3 0.7373046875 0.953125 0.087890625 0.08203125
3 0.2724609375 0.849609375 0.18359375 0.2421875
3 0.466796875 0.9091796875 0.24609375 0.181640625
3 0.6689453125 0.9560546875 0.134765625 0.087890625
3 0.0849609375 0.8623046875 0.169921875 0.138671875
3 0.791015625 0.15625 0.076171875 0.078125
3 0.638671875 0.1533203125 0.087890625 0.09375
3 0.9404296875 0.2490234375 0.056640625 0.0625
3 0.56640625 0.1630859375 0.09765625 0.103515625
3 0.7373046875 0.2060546875 0.08984375 0.1015625
3 0.87109375 0.255859375 0.08984375 0.07421875