4 0.06640625 0.580078125 0.08203125 0.1171875
4 0.8212890625 0.5087890625 0.119140625 0.134765625
4 0.20703125 0.62890625 0.12109375 0.14453125
4 0.748046875 0.578125 0.09765625 0.13671875
4 0.1533203125 0.1123046875 0.0859375 0.1171875
4 0.3505859375 0.703125 0.109375 0.15234375
4 0.4765625 0.0693359375 0.080078125 0.1015625
4 0.1806640625 0.75390625 0.109375 0.146484375
4 0.62890625 0.728515625 0.123046875 0.158203125
4 0.4990234375 0.7724609375 0.14453125 0.18359375
4 0.923828125 0.748046875 0.11328125 0.12109375
4 0.73046875 0.8251953125 0.126953125 0.19140625
4 0.3017578125 0.9072265625 0.119140625 0.158203125
4 0.9052734375 0.8388671875 0.11328125 0.14453125
4 0.537109375 0.8984375 0.1171875 0.185546875
4 0.6552734375 0.890625 0.08984375 0.126953125
4 0.341796875 0.26171875 0.078125 0.107421875
4 0.734375 0.244140625 0.076171875 0.087890625
4 0.5146484375 0.2890625 0.107421875 0.15625
4 0.119140625 0.369140625 0.109375 0.12890625
4 0.0537109375 0.390625 0.0625 0.1171875
4 0.2705078125 0.380859375 0.068359375 0.078125
4 0.8662109375 0.375 0.0859375 0.11328125
4 0.5390625 0.4306640625 0.107421875 0.1328125
4 0.7412109375 0.4052734375 0.10546875 0.12890625
4 0.1982421875 0.4833984375 0.111328125 0.14453125
4 0.619140625 0.4375 0.080078125 0.111328125
4 0.45703125 0.4638671875 0.095703125 0.126953125
4 0.3330078125 0.48828125 0.111328125 0.162109375