4 0.9404296875 0.5185546875 0.068359375 0.1083984375
4 0.1826171875 0.5537109375 0.103515625 0.1220703125
4 0.8076171875 0.5869140625 0.103515625 0.1318359375
4 0.265625 0.6123046875 0.0810546875 0.126953125
4 0.7890625 0.068359375 0.072265625 0.1083984375
4 0.6767578125 0.6806640625 0.0908203125 0.140625
4 0.462890625 0.0703125 0.068359375 0.09375
4 0.8515625 0.70703125 0.0908203125 0.1357421875
4 0.404296875 0.744140625 0.103515625 0.1455078125
4 0.5390625 0.76953125 0.1220703125 0.1689453125
4 0.115234375 0.8046875 0.099609375 0.1083984375
4 0.3173828125 0.8544921875 0.103515625 0.1787109375
4 0.7529296875 0.8759765625 0.099609375 0.1455078125
4 0.1455078125 0.8916015625 0.0966796875 0.1318359375
4 0.5185546875 0.8994140625 0.09375 0.173828125
4 0.400390625 0.908203125 0.0751953125 0.1171875
4 0.623046875 0.2421875 0.0654296875 0.0986328125
4 0.232421875 0.279296875 0.0654296875 0.080078125
4 0.4560546875 0.29296875 0.087890625 0.1455078125
4 0.859375 0.3173828125 0.09375 0.1171875
4 0.9267578125 0.3291015625 0.046875 0.1123046875
4 0.7109375 0.349609375 0.0595703125 0.0703125
4 0.1201171875 0.4267578125 0.072265625 0.103515625
4 0.451171875 0.4365234375 0.0908203125 0.1220703125
4 0.248046875 0.439453125 0.0908203125 0.1171875
4 0.796875 0.44140625 0.09375 0.1318359375
4 0.373046875 0.455078125 0.0654296875 0.103515625
4 0.537109375 0.4580078125 0.0810546875 0.1171875
4 0.6640625 0.46484375 0.0908203125 0.150390625