4 0.9384765625 0.548828125 0.076171875 0.11328125
4 0.1796875 0.53125 0.111328125 0.12890625
4 0.80078125 0.6083984375 0.11328125 0.138671875
4 0.2587890625 0.595703125 0.08984375 0.1328125
4 0.818359375 0.08984375 0.080078125 0.11328125
4 0.6640625 0.6923828125 0.099609375 0.146484375
4 0.4931640625 0.068359375 0.07421875 0.09765625
4 0.8359375 0.7314453125 0.099609375 0.142578125
4 0.3876953125 0.7373046875 0.11328125 0.15234375
4 0.5205078125 0.771484375 0.1328125 0.177734375
4 0.0947265625 0.77734375 0.107421875 0.115234375
4 0.29296875 0.8408203125 0.115234375 0.185546875
4 0.7265625 0.892578125 0.109375 0.15234375
4 0.119140625 0.8662109375 0.10546875 0.138671875
4 0.490234375 0.8994140625 0.10546875 0.1796875
4 0.3720703125 0.900390625 0.083984375 0.123046875
4 0.640625 0.2509765625 0.072265625 0.103515625
4 0.248046875 0.2607421875 0.0703125 0.083984375
4 0.470703125 0.2900390625 0.09765625 0.150390625
4 0.87109375 0.3427734375 0.1015625 0.123046875
4 0.9375 0.359375 0.0546875 0.115234375
4 0.720703125 0.3642578125 0.064453125 0.07421875
4 0.1259765625 0.400390625 0.080078125 0.107421875
4 0.4560546875 0.43359375 0.099609375 0.12890625
4 0.2529296875 0.421875 0.099609375 0.123046875
4 0.7998046875 0.4619140625 0.103515625 0.138671875
4 0.376953125 0.4462890625 0.072265625 0.107421875
4 0.5400390625 0.4609375 0.08984375 0.123046875
4 0.666015625 0.4765625 0.1015625 0.15625