4 0.125 0.4794921875 0.125 0.150390625
4 0.419921875 0.4833984375 0.109375 0.150390625
4 0.5595703125 0.537109375 0.1064453125 0.1416015625
4 0.7158203125 0.5830078125 0.09375 0.1669921875
4 0.8125 0.6142578125 0.09375 0.162109375
4 0.2890625 0.623046875 0.115234375 0.1376953125
4 0.1357421875 0.6875 0.109375 0.150390625
4 0.6220703125 0.0771484375 0.056640625 0.095703125
4 0.447265625 0.8232421875 0.1748046875 0.212890625
4 0.0654296875 0.1064453125 0.0810546875 0.1044921875
4 0.359375 0.1162109375 0.09375 0.0830078125
4 0.537109375 0.119140625 0.0751953125 0.1044921875
4 0.7734375 0.1767578125 0.115234375 0.1376953125
4 0.212890625 0.2099609375 0.099609375 0.12109375
4 0.4013671875 0.216796875 0.0908203125 0.1162109375
4 0.3359375 0.2333984375 0.083984375 0.1416015625
4 0.892578125 0.2353515625 0.083984375 0.12109375
4 0.482421875 0.2373046875 0.072265625 0.099609375
4 0.6455078125 0.24609375 0.083984375 0.125
4 0.068359375 0.283203125 0.119140625 0.1337890625
4 0.947265625 0.3232421875 0.087890625 0.12109375
4 0.525390625 0.337890625 0.068359375 0.1083984375
4 0.8203125 0.3837890625 0.083984375 0.1162109375
4 0.46875 0.3916015625 0.087890625 0.099609375
4 0.240234375 0.41015625 0.099609375 0.12890625
4 0.744140625 0.41015625 0.087890625 0.1376953125