4 0.8720703125 0.5517578125 0.15234375 0.171875
4 0.58203125 0.4990234375 0.13671875 0.16796875
4 0.4345703125 0.525390625 0.130859375 0.16015625
4 0.2724609375 0.5400390625 0.123046875 0.181640625
4 0.171875 0.552734375 0.123046875 0.177734375
4 0.68359375 0.6611328125 0.138671875 0.15625
4 0.822265625 0.75390625 0.13671875 0.16796875
4 0.4609375 0.0615234375 0.07421875 0.10546875
4 0.490234375 0.8271484375 0.212890625 0.2421875
4 0.9755859375 0.1953125 0.048828125 0.1171875
4 0.7109375 0.150390625 0.107421875 0.099609375
4 0.5361328125 0.119140625 0.09375 0.1171875
4 0.29296875 0.130859375 0.138671875 0.15625
4 0.8369140625 0.2705078125 0.12109375 0.138671875
4 0.650390625 0.2412109375 0.111328125 0.130859375
4 0.7119140625 0.26953125 0.109375 0.154296875
4 0.1650390625 0.1650390625 0.10546875 0.134765625
4 0.5673828125 0.2451171875 0.08984375 0.111328125
4 0.4052734375 0.22265625 0.10546875 0.138671875
4 0.9462890625 0.3681640625 0.107421875 0.154296875
4 0.0947265625 0.2412109375 0.109375 0.134765625
4 0.505859375 0.3359375 0.087890625 0.119140625
4 0.2080078125 0.3251953125 0.10546875 0.130859375
4 0.5517578125 0.3994140625 0.10546875 0.115234375
4 0.7724609375 0.4609375 0.123046875 0.146484375
4 0.27734375 0.365234375 0.11328125 0.15234375