4 0.1279296875 0.5517578125 0.15234375 0.171875
4 0.41796875 0.4990234375 0.13671875 0.16796875
4 0.5654296875 0.525390625 0.130859375 0.16015625
4 0.7275390625 0.5400390625 0.123046875 0.181640625
4 0.828125 0.552734375 0.123046875 0.177734375
4 0.31640625 0.6611328125 0.138671875 0.15625
4 0.177734375 0.75390625 0.13671875 0.16796875
4 0.5390625 0.0615234375 0.07421875 0.10546875
4 0.509765625 0.8271484375 0.212890625 0.2421875
4 0.0234375 0.1953125 0.046875 0.1171875
4 0.2890625 0.150390625 0.107421875 0.099609375
4 0.4638671875 0.119140625 0.09375 0.1171875
4 0.70703125 0.130859375 0.138671875 0.15625
4 0.1630859375 0.2705078125 0.12109375 0.138671875
4 0.349609375 0.2412109375 0.111328125 0.130859375
4 0.2880859375 0.26953125 0.109375 0.154296875
4 0.8349609375 0.1650390625 0.10546875 0.134765625
4 0.4326171875 0.2451171875 0.08984375 0.111328125
4 0.5947265625 0.22265625 0.10546875 0.138671875
4 0.052734375 0.3681640625 0.10546875 0.154296875
4 0.9052734375 0.2412109375 0.109375 0.134765625
4 0.494140625 0.3359375 0.087890625 0.119140625
4 0.7919921875 0.3251953125 0.10546875 0.130859375
4 0.4482421875 0.3994140625 0.10546875 0.115234375
4 0.2275390625 0.4609375 0.123046875 0.146484375
4 0.72265625 0.365234375 0.11328125 0.15234375