4 0.2314453125 0.39453125 0.0498046875 0.10546875
4 0.0966796875 0.4111328125 0.0419921875 0.095703125
4 0.6884765625 0.44921875 0.0478515625 0.10546875
4 0.298828125 0.4609375 0.0615234375 0.111328125
4 0.44921875 0.4658203125 0.0458984375 0.095703125
4 0.0537109375 0.47265625 0.0478515625 0.1171875
4 0.9189453125 0.4912109375 0.0419921875 0.111328125
4 0.8193359375 0.498046875 0.0498046875 0.1142578125
4 0.978515625 0.5078125 0.0419921875 0.1201171875
4 0.341796875 0.5107421875 0.072265625 0.1259765625
4 0.5234375 0.51171875 0.0458984375 0.0927734375
4 0.173828125 0.5302734375 0.0517578125 0.10546875
4 0.587890625 0.537109375 0.0595703125 0.1083984375
4 0.4326171875 0.5419921875 0.0615234375 0.0986328125
4 0.7822265625 0.5556640625 0.0439453125 0.1201171875
4 0.73046875 0.583984375 0.0478515625 0.0986328125
4 0.669921875 0.5888671875 0.0595703125 0.1025390625
4 0.3046875 0.6171875 0.08203125 0.123046875
4 0.0458984375 0.6318359375 0.0478515625 0.10546875
4 0.4580078125 0.681640625 0.068359375 0.1083984375
4 0.39453125 0.703125 0.0703125 0.1025390625
4 0.1103515625 0.71484375 0.076171875 0.095703125
4 0.1845703125 0.7255859375 0.0615234375 0.111328125
4 0.5712890625 0.7294921875 0.0419921875 0.1201171875
4 0.7021484375 0.7373046875 0.0517578125 0.0986328125
4 0.830078125 0.7431640625 0.0517578125 0.123046875
4 0.5087890625 0.748046875 0.06640625 0.1025390625
4 0.623046875 0.7734375 0.0498046875 0.123046875
4 0.2744140625 0.806640625 0.087890625 0.10546875
4 0.9423828125 0.8271484375 0.0517578125 0.123046875
4 0.1650390625 0.8515625 0.0703125 0.111328125
4 0.7470703125 0.8662109375 0.07421875 0.123046875
4 0.3603515625 0.8935546875 0.083984375 0.134765625
4 0.6435546875 0.8994140625 0.099609375 0.1171875
4 0.5 0.9384765625 0.091796875 0.111328125