4 0.2158203125 0.447265625 0.068359375 0.11328125
4 0.0869140625 0.4892578125 0.05859375 0.1015625
4 0.67578125 0.4140625 0.06640625 0.11328125
4 0.294921875 0.5 0.08203125 0.12109375
4 0.443359375 0.4765625 0.0625 0.103515625
4 0.056640625 0.55859375 0.068359375 0.125
4 0.9091796875 0.4111328125 0.0625 0.1171875
4 0.8134765625 0.4375 0.0703125 0.12109375
4 0.9697265625 0.416015625 0.060546875 0.125
4 0.3466796875 0.541015625 0.095703125 0.13671875
4 0.525390625 0.5068359375 0.0625 0.099609375
4 0.185546875 0.591796875 0.0703125 0.11328125
4 0.59375 0.51953125 0.080078125 0.1171875
4 0.44140625 0.5537109375 0.080078125 0.109375
4 0.7880859375 0.5009765625 0.06640625 0.126953125
4 0.7421875 0.5380859375 0.06640625 0.10546875
4 0.68359375 0.5546875 0.078125 0.111328125
4 0.3310546875 0.65234375 0.103515625 0.13671875
4 0.0791015625 0.7158203125 0.06640625 0.11328125
4 0.4931640625 0.6865234375 0.087890625 0.119140625
4 0.435546875 0.7197265625 0.087890625 0.11328125
4 0.158203125 0.78515625 0.09375 0.109375
4 0.2333984375 0.78125 0.08203125 0.12109375
4 0.61328125 0.7119140625 0.064453125 0.125
4 0.744140625 0.6943359375 0.0703125 0.107421875
4 0.8701171875 0.67578125 0.07421875 0.130859375
4 0.5556640625 0.7421875 0.083984375 0.11328125
4 0.6728515625 0.7451171875 0.072265625 0.130859375
4 0.3369140625 0.84375 0.10546875 0.12109375
4 0.9794921875 0.7353515625 0.041015625 0.130859375
4 0.23828125 0.9091796875 0.08984375 0.123046875
4 0.8125 0.8125 0.095703125 0.134765625
4 0.4384765625 0.9130859375 0.107421875 0.1484375
4 0.716796875 0.8642578125 0.12109375 0.134765625
4 0.583984375 0.9306640625 0.111328125 0.126953125