4 0.7861328125 0.462890625 0.07421875 0.115234375
4 0.9130859375 0.51171875 0.064453125 0.103515625
4 0.3291015625 0.4052734375 0.072265625 0.11328125
4 0.705078125 0.5107421875 0.0859375 0.123046875
4 0.5576171875 0.4794921875 0.068359375 0.103515625
4 0.939453125 0.5810546875 0.07421875 0.125
4 0.095703125 0.3896484375 0.068359375 0.119140625
4 0.1904296875 0.4208984375 0.076171875 0.123046875
4 0.0341796875 0.3916015625 0.068359375 0.126953125
4 0.6513671875 0.548828125 0.1015625 0.140625
4 0.474609375 0.505859375 0.06640625 0.1015625
4 0.8095703125 0.6083984375 0.076171875 0.115234375
4 0.4052734375 0.5146484375 0.083984375 0.119140625
4 0.5556640625 0.556640625 0.083984375 0.111328125
4 0.212890625 0.4853515625 0.072265625 0.126953125
4 0.255859375 0.525390625 0.0703125 0.107421875
4 0.3134765625 0.544921875 0.08203125 0.11328125
4 0.6611328125 0.6611328125 0.109375 0.138671875
4 0.9091796875 0.7373046875 0.072265625 0.11328125
4 0.4970703125 0.6865234375 0.091796875 0.12109375
4 0.552734375 0.72265625 0.09375 0.1171875
4 0.826171875 0.802734375 0.09765625 0.111328125
4 0.751953125 0.794921875 0.0859375 0.123046875
4 0.375 0.705078125 0.0703125 0.126953125
4 0.24609375 0.681640625 0.07421875 0.107421875
4 0.12109375 0.65625 0.080078125 0.1328125
4 0.431640625 0.73828125 0.08984375 0.115234375
4 0.314453125 0.7353515625 0.078125 0.130859375
4 0.64453125 0.8525390625 0.111328125 0.123046875
4 0.015625 0.708984375 0.03125 0.1328125
4 0.740234375 0.921875 0.095703125 0.125
4 0.171875 0.7958984375 0.1015625 0.13671875
4 0.5400390625 0.916015625 0.11328125 0.150390625
4 0.263671875 0.8525390625 0.125 0.138671875
4 0.3935546875 0.92578125 0.115234375 0.130859375