0 0.896484375 0.271484375 0.125 0.15625
0 0.171875 0.4033203125 0.109375 0.1484375
0 0.4462890625 0.3720703125 0.07421875 0.056640625
0 0.0791015625 0.4365234375 0.095703125 0.10546875
0 0.2998046875 0.4267578125 0.078125 0.076171875
0 0.5810546875 0.435546875 0.109375 0.12890625
0 0.107421875 0.0927734375 0.10546875 0.099609375
0 0.0556640625 0.5458984375 0.083984375 0.109375
0 0.2646484375 0.537109375 0.115234375 0.111328125
0 0.13671875 0.5693359375 0.08203125 0.103515625
0 0.7431640625 0.5810546875 0.111328125 0.154296875
0 0.0947265625 0.666015625 0.078125 0.10546875
0 0.96875 0.5888671875 0.0625 0.162109375
0 0.666015625 0.6630859375 0.099609375 0.123046875
0 0.896484375 0.654296875 0.10546875 0.115234375
0 0.9658203125 0.755859375 0.068359375 0.1484375
0 0.62109375 0.837890625 0.130859375 0.15234375
0 0.275390625 0.1416015625 0.087890625 0.107421875
0 0.5390625 0.13671875 0.068359375 0.07421875
0 0.603515625 0.1533203125 0.087890625 0.08984375
0 0.1767578125 0.212890625 0.060546875 0.048828125
0 0.9072265625 0.1337890625 0.109375 0.08984375
0 0.943359375 0.2080078125 0.060546875 0.146484375
0 0.55078125 0.259765625 0.115234375 0.080078125
0 0.0703125 0.076171875 0.099609375 0.060546875