0 0.921875 0.3212890625 0.1083984375 0.14453125
0 0.1865234375 0.3642578125 0.09375 0.138671875
0 0.4619140625 0.3662109375 0.068359375 0.048828125
0 0.08984375 0.3857421875 0.083984375 0.095703125
0 0.310546875 0.4033203125 0.0703125 0.0673828125
0 0.587890625 0.4462890625 0.095703125 0.1171875
0 0.16015625 0.0478515625 0.095703125 0.0888671875
0 0.0537109375 0.4912109375 0.072265625 0.1015625
0 0.26171875 0.5078125 0.103515625 0.0986328125
0 0.130859375 0.5244140625 0.0703125 0.095703125
0 0.7314453125 0.6103515625 0.09375 0.14453125
0 0.0771484375 0.615234375 0.06640625 0.0986328125
0 0.9658203125 0.646484375 0.068359375 0.154296875
0 0.64453125 0.681640625 0.0859375 0.1142578125
0 0.875 0.701171875 0.09375 0.1044921875
0 0.9521484375 0.8134765625 0.095703125 0.138671875
0 0.5791015625 0.8505859375 0.1142578125 0.138671875
0 0.3203125 0.1171875 0.076171875 0.0986328125
0 0.5830078125 0.14453125 0.0615234375 0.0673828125
0 0.64453125 0.1689453125 0.078125 0.080078125
0 0.2138671875 0.17578125 0.0556640625 0.04296875
0 0.94921875 0.1865234375 0.1015625 0.0771484375
0 0.9755859375 0.2646484375 0.0439453125 0.1416015625
0 0.580078125 0.267578125 0.1083984375 0.0673828125
0 0.125 0.02734375 0.09375 0.048828125