0 0.939453125 0.3818359375 0.12109375 0.158203125
0 0.2080078125 0.322265625 0.111328125 0.150390625
0 0.48046875 0.3623046875 0.07421875 0.05859375
0 0.109375 0.330078125 0.095703125 0.107421875
0 0.326171875 0.3779296875 0.078125 0.076171875
0 0.5947265625 0.458984375 0.111328125 0.12890625
0 0.2255859375 0.02734375 0.107421875 0.0546875
0 0.0595703125 0.4287109375 0.0859375 0.111328125
0 0.2626953125 0.474609375 0.1171875 0.111328125
0 0.130859375 0.47265625 0.08203125 0.10546875
0 0.7138671875 0.6416015625 0.11328125 0.15625
0 0.0654296875 0.5556640625 0.080078125 0.107421875
0 0.9404296875 0.7099609375 0.08984375 0.162109375
0 0.6181640625 0.7001953125 0.1015625 0.125
0 0.84375 0.7509765625 0.107421875 0.1171875
0 0.904296875 0.873046875 0.11328125 0.150390625
0 0.529296875 0.8583984375 0.1328125 0.15234375
0 0.375 0.095703125 0.08984375 0.107421875
0 0.6318359375 0.1591796875 0.0703125 0.076171875
0 0.689453125 0.1923828125 0.087890625 0.08984375
0 0.26171875 0.138671875 0.060546875 0.05078125
0 0.9658203125 0.251953125 0.068359375 0.08984375
0 0.986328125 0.3330078125 0.02734375 0.146484375
0 0.611328125 0.28125 0.1171875 0.08203125