3 0.3681640625 0.3896484375 0.12890625 0.224609375
3 0.12890625 0.4345703125 0.185546875 0.2109375
3 0.2685546875 0.46875 0.111328125 0.21484375
3 0.666015625 0.58203125 0.09765625 0.23046875
3 0.2890625 0.630859375 0.14453125 0.193359375
3 0.740234375 0.6796875 0.193359375 0.341796875
3 0.4345703125 0.705078125 0.20703125 0.267578125
3 0.8408203125 0.8037109375 0.154296875 0.310546875
3 0.8818359375 0.1533203125 0.10546875 0.154296875
3 0.283203125 0.181640625 0.07421875 0.12890625
3 0.529296875 0.28515625 0.134765625 0.150390625
3 0.8359375 0.314453125 0.08203125 0.169921875