3 0.640625 0.4013671875 0.1103515625 0.2158203125
3 0.875 0.466796875 0.169921875 0.197265625
3 0.7333984375 0.4892578125 0.09375 0.20703125
3 0.3271484375 0.5673828125 0.078125 0.224609375
3 0.69921875 0.6484375 0.1298828125 0.1826171875
3 0.2451171875 0.658203125 0.166015625 0.3291015625
3 0.546875 0.7099609375 0.185546875 0.251953125
3 0.1337890625 0.7724609375 0.1279296875 0.2998046875
3 0.1494140625 0.12109375 0.09375 0.146484375
3 0.744140625 0.2021484375 0.064453125 0.123046875
3 0.4892578125 0.283203125 0.1220703125 0.140625
3 0.181640625 0.2861328125 0.068359375 0.1650390625