3 0.353515625 0.5087890625 0.08203125 0.083984375
3 0.357421875 0.5654296875 0.072265625 0.09375
3 0.48046875 0.6376953125 0.0546875 0.083984375
3 0.0556640625 0.5625 0.076171875 0.1171875
3 0.291015625 0.6142578125 0.083984375 0.126953125
3 0.67578125 0.705078125 0.1171875 0.15625
3 0.23046875 0.6181640625 0.08203125 0.12890625
3 0.18359375 0.6142578125 0.064453125 0.109375
3 0.7685546875 0.75 0.1015625 0.109375
3 0.333984375 0.6640625 0.080078125 0.146484375
3 0.83203125 0.7978515625 0.076171875 0.08984375
3 0.45703125 0.7314453125 0.091796875 0.115234375
3 0.7685546875 0.86328125 0.146484375 0.158203125
3 0.0283203125 0.73046875 0.056640625 0.16015625
3 0.46875 0.9169921875 0.0859375 0.166015625
3 0.826171875 0.9794921875 0.08203125 0.041015625