3 0.6416015625 0.5390625 0.068359375 0.072265625
3 0.6259765625 0.59375 0.0556640625 0.083984375
3 0.490234375 0.638671875 0.0400390625 0.078125
3 0.921875 0.6533203125 0.0556640625 0.1083984375
3 0.6806640625 0.6552734375 0.0615234375 0.1171875
3 0.28515625 0.6640625 0.08984375 0.1416015625
3 0.7392578125 0.671875 0.0576171875 0.1201171875
3 0.7861328125 0.677734375 0.0439453125 0.1025390625
3 0.185546875 0.6884765625 0.083984375 0.09375
3 0.6279296875 0.6953125 0.0517578125 0.138671875
3 0.11328125 0.72265625 0.0615234375 0.078125
3 0.494140625 0.7353515625 0.072265625 0.1025390625
3 0.162109375 0.7998046875 0.1201171875 0.1357421875
3 0.9306640625 0.828125 0.0615234375 0.150390625
3 0.4423828125 0.91796875 0.052734375 0.1640625
3 0.072265625 0.9423828125 0.0595703125 0.1142578125