3 0.353515625 0.513671875 0.080078125 0.083984375
3 0.359375 0.5703125 0.0703125 0.091796875
3 0.4853515625 0.638671875 0.052734375 0.083984375
3 0.0576171875 0.578125 0.07421875 0.1171875
3 0.294921875 0.62109375 0.080078125 0.126953125
3 0.6826171875 0.69921875 0.11328125 0.154296875
3 0.234375 0.6279296875 0.078125 0.12890625
3 0.1875 0.625 0.060546875 0.109375
3 0.77734375 0.740234375 0.099609375 0.107421875
3 0.33984375 0.669921875 0.07421875 0.146484375
3 0.841796875 0.7861328125 0.07421875 0.087890625
3 0.46484375 0.732421875 0.08984375 0.11328125
3 0.7802734375 0.853515625 0.142578125 0.154296875
3 0.0302734375 0.7470703125 0.060546875 0.158203125
3 0.4833984375 0.91796875 0.080078125 0.1640625
3 0.84375 0.9736328125 0.078125 0.052734375