3 0.5341796875 0.486328125 0.0625 0.1083984375
3 0.443359375 0.501953125 0.0751953125 0.103515625
3 0.765625 0.5068359375 0.099609375 0.1123046875
3 0.6298828125 0.521484375 0.109375 0.140625
3 0.939453125 0.533203125 0.0654296875 0.126953125
3 0.796875 0.5986328125 0.099609375 0.126953125
3 0.416015625 0.65234375 0.15625 0.28125
3 0.2578125 0.662109375 0.2158203125 0.291015625
3 0.673828125 0.662109375 0.1279296875 0.1787109375
3 0.115234375 0.6826171875 0.162109375 0.2109375
3 0.1455078125 0.859375 0.1591796875 0.28125
3 0.8359375 0.8896484375 0.2529296875 0.220703125
3 0.517578125 0.8916015625 0.3408203125 0.2158203125
3 0.0390625 0.1806640625 0.046875 0.060546875
3 0.8173828125 0.208984375 0.046875 0.0703125
3 0.3984375 0.265625 0.0595703125 0.080078125
3 0.541015625 0.27734375 0.0498046875 0.0751953125
3 0.0888671875 0.32421875 0.0595703125 0.0751953125
3 0.908203125 0.32421875 0.0595703125 0.0654296875
3 0.7236328125 0.3310546875 0.078125 0.080078125
3 0.3798828125 0.3427734375 0.0654296875 0.09375
3 0.826171875 0.349609375 0.0654296875 0.0703125
3 0.9736328125 0.396484375 0.052734375 0.0888671875
3 0.2470703125 0.396484375 0.068359375 0.0986328125
3 0.337890625 0.396484375 0.068359375 0.0986328125
3 0.583984375 0.4033203125 0.0751953125 0.09375
3 0.9169921875 0.4111328125 0.0595703125 0.080078125
3 0.189453125 0.41796875 0.083984375 0.103515625
3 0.443359375 0.419921875 0.087890625 0.0986328125
3 0.837890625 0.4365234375 0.0810546875 0.103515625
3 0.9814453125 0.455078125 0.037109375 0.0849609375