3 0.5302734375 0.478515625 0.0859375 0.12109375
3 0.4453125 0.515625 0.09765625 0.119140625
3 0.759765625 0.4423828125 0.123046875 0.1328125
3 0.630859375 0.4892578125 0.140625 0.162109375
3 0.9345703125 0.42578125 0.09375 0.138671875
3 0.8115234375 0.5234375 0.126953125 0.146484375
3 0.455078125 0.66796875 0.21875 0.310546875
3 0.3046875 0.7158203125 0.279296875 0.333984375
3 0.7080078125 0.615234375 0.16796875 0.205078125
3 0.1708984375 0.7705078125 0.208984375 0.244140625
3 0.2421875 0.8896484375 0.22265625 0.220703125
3 0.884765625 0.7958984375 0.23046875 0.275390625
3 0.611328125 0.865234375 0.3828125 0.26953125
3 0.7373046875 0.140625 0.0625 0.080078125
3 0.3447265625 0.296875 0.078125 0.091796875
3 0.486328125 0.2744140625 0.06640625 0.0859375
3 0.05859375 0.4287109375 0.076171875 0.087890625
3 0.853515625 0.23046875 0.07421875 0.078125
3 0.67578125 0.2822265625 0.095703125 0.095703125
3 0.345703125 0.376953125 0.0859375 0.107421875
3 0.7802734375 0.275390625 0.080078125 0.083984375
3 0.9345703125 0.28515625 0.072265625 0.099609375
3 0.2294921875 0.4609375 0.08984375 0.111328125
3 0.3173828125 0.4384765625 0.08984375 0.111328125
3 0.5576171875 0.3857421875 0.095703125 0.109375
3 0.8828125 0.3125 0.078125 0.091796875
3 0.1787109375 0.4951171875 0.107421875 0.12109375
3 0.42578125 0.435546875 0.109375 0.1171875
3 0.8125 0.3564453125 0.103515625 0.119140625
3 0.9560546875 0.33984375 0.056640625 0.091796875