3 0.4638671875 0.4931640625 0.08203125 0.119140625
3 0.5556640625 0.4912109375 0.09375 0.115234375
3 0.240234375 0.5576171875 0.119140625 0.12890625
3 0.376953125 0.5458984375 0.134765625 0.158203125
3 0.0751953125 0.6162109375 0.087890625 0.13671875
3 0.2275390625 0.6533203125 0.12109375 0.14453125
3 0.611328125 0.6337890625 0.20703125 0.306640625
3 0.7685546875 0.61328125 0.267578125 0.326171875
3 0.3603515625 0.6923828125 0.16015625 0.19921875
3 0.90625 0.60546875 0.1875 0.23828125
3 0.90625 0.7841796875 0.1875 0.306640625
3 0.2431640625 0.90625 0.291015625 0.1875
3 0.556640625 0.8740234375 0.375 0.251953125
3 0.8916015625 0.0986328125 0.056640625 0.068359375
3 0.1328125 0.2744140625 0.05859375 0.078125
3 0.5546875 0.2509765625 0.07421875 0.08984375
3 0.4169921875 0.2890625 0.0625 0.083984375
3 0.8701171875 0.2490234375 0.072265625 0.0859375
3 0.0654296875 0.4052734375 0.0703125 0.076171875
3 0.248046875 0.376953125 0.091796875 0.09375
3 0.587890625 0.322265625 0.08203125 0.10546875
3 0.1513671875 0.4150390625 0.078125 0.08203125
3 0.0244140625 0.48828125 0.048828125 0.09765625
3 0.728515625 0.3505859375 0.0859375 0.109375
3 0.6396484375 0.3671875 0.0859375 0.109375
3 0.3994140625 0.4208984375 0.091796875 0.10546875
3 0.0732421875 0.4921875 0.07421875 0.08984375
3 0.7890625 0.3603515625 0.1015625 0.1171875
3 0.5400390625 0.41015625 0.10546875 0.11328125
3 0.15625 0.501953125 0.099609375 0.1171875
3 0.0224609375 0.546875 0.044921875 0.08984375