0 0.3671875 0.478515625 0.140625 0.0849609375
0 0.15625 0.5166015625 0.119140625 0.0849609375
0 0.6279296875 0.5654296875 0.125 0.1171875
0 0.15625 0.6435546875 0.1123046875 0.1123046875
0 0.8955078125 0.720703125 0.146484375 0.0888671875
0 0.6142578125 0.74609375 0.171875 0.1220703125
0 0.291015625 0.7890625 0.130859375 0.09375
0 0.837890625 0.791015625 0.150390625 0.0986328125
0 0.576171875 0.859375 0.140625 0.0751953125
0 0.2607421875 0.8798828125 0.1220703125 0.080078125
0 0.392578125 0.9111328125 0.0595703125 0.0654296875
0 0.7626953125 0.9267578125 0.193359375 0.1455078125
0 0.4951171875 0.9482421875 0.140625 0.103515625
0 0.283203125 0.1669921875 0.103515625 0.0703125
0 0.4658203125 0.1806640625 0.162109375 0.0986328125
0 0.826171875 0.25390625 0.1220703125 0.0849609375
0 0.5908203125 0.26953125 0.119140625 0.1171875
0 0.845703125 0.3408203125 0.140625 0.080078125
0 0.974609375 0.3525390625 0.0498046875 0.244140625
0 0.087890625 0.3759765625 0.125 0.1123046875
0 0.916015625 0.046875 0.1435546875 0.0751953125
0 0.5029296875 0.44140625 0.1123046875 0.0849609375