0 0.3671875 0.48046875 0.142578125 0.087890625
0 0.15625 0.5224609375 0.12109375 0.087890625
0 0.62890625 0.5634765625 0.126953125 0.119140625
0 0.1591796875 0.6494140625 0.11328125 0.11328125
0 0.8994140625 0.7138671875 0.1484375 0.091796875
0 0.6181640625 0.744140625 0.173828125 0.125
0 0.2958984375 0.79296875 0.1328125 0.095703125
0 0.8427734375 0.78515625 0.15234375 0.1015625
0 0.58203125 0.8583984375 0.142578125 0.078125
0 0.267578125 0.8837890625 0.123046875 0.08203125
0 0.3994140625 0.9130859375 0.060546875 0.06640625
0 0.7705078125 0.921875 0.1953125 0.1484375
0 0.5029296875 0.947265625 0.142578125 0.10546875
0 0.27734375 0.1708984375 0.10546875 0.072265625
0 0.4599609375 0.181640625 0.1640625 0.1015625
0 0.822265625 0.248046875 0.123046875 0.087890625
0 0.5869140625 0.267578125 0.12109375 0.119140625
0 0.8427734375 0.3349609375 0.142578125 0.08203125
0 0.9716796875 0.3447265625 0.0546875 0.244140625
0 0.0859375 0.3828125 0.126953125 0.115234375
0 0.908203125 0.0400390625 0.14453125 0.078125
0 0.501953125 0.44140625 0.11328125 0.0859375