0 0.3759765625 0.447265625 0.15625 0.1171875
0 0.162109375 0.4326171875 0.13671875 0.111328125
0 0.6083984375 0.5947265625 0.150390625 0.14453125
0 0.1318359375 0.5556640625 0.13671875 0.13671875
0 0.830078125 0.8095703125 0.1640625 0.12109375
0 0.5517578125 0.7666015625 0.197265625 0.16015625
0 0.2275390625 0.7294921875 0.150390625 0.123046875
0 0.7578125 0.8642578125 0.169921875 0.1328125
0 0.4873046875 0.8671875 0.154296875 0.107421875
0 0.17578125 0.810546875 0.138671875 0.107421875
0 0.2958984375 0.873046875 0.07421875 0.078125
0 0.650390625 0.94140625 0.22265625 0.1171875
0 0.3857421875 0.9326171875 0.162109375 0.134765625
0 0.3701171875 0.1240234375 0.1171875 0.09375
0 0.5439453125 0.181640625 0.181640625 0.134765625
0 0.8759765625 0.33984375 0.138671875 0.111328125
0 0.6435546875 0.298828125 0.14453125 0.142578125
0 0.8740234375 0.4287109375 0.15625 0.111328125
0 0.970703125 0.4716796875 0.05859375 0.248046875
0 0.1298828125 0.2802734375 0.1484375 0.138671875
0 0.966796875 0.1611328125 0.06640625 0.107421875
0 0.5166015625 0.4443359375 0.12890625 0.109375