0 0.927734375 0.3984375 0.087890625 0.078125
0 0.4345703125 0.5283203125 0.1064453125 0.0751953125
0 0.53125 0.5498046875 0.07421875 0.1103515625
0 0.337890625 0.6171875 0.080078125 0.0673828125
0 0.333984375 0.619140625 0.083984375 0.064453125
0 0.259765625 0.6689453125 0.068359375 0.0498046875
0 0.265625 0.6708984375 0.0595703125 0.0673828125
0 0.4580078125 0.080078125 0.1435546875 0.1455078125
0 0.0361328125 0.1064453125 0.068359375 0.056640625
0 0.1181640625 0.1728515625 0.099609375 0.0673828125
0 0.8466796875 0.18359375 0.1015625 0.095703125
0 0.5830078125 0.1845703125 0.1015625 0.064453125
0 0.5126953125 0.2578125 0.1103515625 0.0537109375