0 0.935546875 0.443359375 0.095703125 0.0859375
0 0.431640625 0.521484375 0.11328125 0.0859375
0 0.525390625 0.552734375 0.0859375 0.1171875
0 0.326171875 0.599609375 0.0859375 0.076171875
0 0.322265625 0.6015625 0.08984375 0.072265625
0 0.2431640625 0.642578125 0.072265625 0.056640625
0 0.2490234375 0.6455078125 0.06640625 0.072265625
0 0.5009765625 0.0791015625 0.158203125 0.158203125
0 0.080078125 0.060546875 0.07421875 0.0625
0 0.154296875 0.134765625 0.10546875 0.078125
0 0.8779296875 0.2216796875 0.111328125 0.10546875
0 0.615234375 0.1953125 0.107421875 0.07421875
0 0.5380859375 0.2607421875 0.115234375 0.064453125