0 0.0615234375 0.474609375 0.099609375 0.091796875
0 0.5693359375 0.5166015625 0.1171875 0.091796875
0 0.4775390625 0.5546875 0.091796875 0.12109375
0 0.6796875 0.5869140625 0.08984375 0.080078125
0 0.6845703125 0.5888671875 0.09375 0.078125
0 0.765625 0.625 0.076171875 0.060546875
0 0.7607421875 0.6279296875 0.0703125 0.076171875
0 0.4677734375 0.0810546875 0.166015625 0.162109375
0 0.888671875 0.033203125 0.078125 0.06640625
0 0.8193359375 0.111328125 0.109375 0.083984375
0 0.103515625 0.2490234375 0.1171875 0.111328125
0 0.36328125 0.2041015625 0.111328125 0.08203125
0 0.4453125 0.263671875 0.1171875 0.072265625