4 0.9765625 0.48046875 0.046875 0.12109375
4 0.7421875 0.53515625 0.08984375 0.115234375
4 0.154296875 0.6416015625 0.056640625 0.078125
4 0.841796875 0.5693359375 0.08984375 0.119140625
4 0.9345703125 0.5556640625 0.09765625 0.123046875
4 0.2724609375 0.6884765625 0.072265625 0.095703125
4 0.3310546875 0.6796875 0.041015625 0.052734375
4 0.3740234375 0.6982421875 0.046875 0.05859375
4 0.611328125 0.66796875 0.03515625 0.0546875
4 0.15234375 0.7724609375 0.1015625 0.15625
4 0.48046875 0.76953125 0.044921875 0.06640625
4 0.74609375 0.744140625 0.09765625 0.123046875
4 0.40625 0.8203125 0.056640625 0.078125