4 0.9794921875 0.5576171875 0.041015625 0.115234375
4 0.7333984375 0.572265625 0.07421875 0.10546875
4 0.13671875 0.5859375 0.0458984375 0.072265625
4 0.8271484375 0.6220703125 0.07421875 0.1083984375
4 0.9208984375 0.623046875 0.08203125 0.111328125
4 0.24609375 0.650390625 0.0595703125 0.0869140625
4 0.3046875 0.6513671875 0.0341796875 0.0478515625
4 0.3447265625 0.67578125 0.0380859375 0.0537109375
4 0.583984375 0.68359375 0.0283203125 0.05078125
4 0.1142578125 0.71484375 0.080078125 0.14453125
4 0.4384765625 0.7626953125 0.0361328125 0.060546875
4 0.705078125 0.779296875 0.08203125 0.111328125
4 0.357421875 0.8017578125 0.0458984375 0.072265625