4 0.974609375 0.45703125 0.05078125 0.12109375
4 0.7431640625 0.5224609375 0.09375 0.119140625
4 0.162109375 0.6591796875 0.060546875 0.080078125
4 0.845703125 0.5517578125 0.095703125 0.12109375
4 0.9375 0.533203125 0.103515625 0.125
4 0.283203125 0.7001953125 0.076171875 0.09765625
4 0.3408203125 0.6884765625 0.04296875 0.0546875
4 0.384765625 0.7041015625 0.048828125 0.060546875
4 0.6201171875 0.662109375 0.0390625 0.0546875
4 0.1669921875 0.7900390625 0.107421875 0.158203125
4 0.494140625 0.76953125 0.048828125 0.06640625
4 0.7587890625 0.73046875 0.103515625 0.125
4 0.4228515625 0.8251953125 0.060546875 0.080078125