2 0.298828125 0.4345703125 0.333984375 0.310546875
2 0.5380859375 0.5517578125 0.37109375 0.34765625
2 0.1201171875 0.4892578125 0.240234375 0.333984375
2 0.2763671875 0.6494140625 0.474609375 0.38671875
2 0.5986328125 0.841796875 0.478515625 0.31640625
2 0.1982421875 0.091796875 0.255859375 0.18359375
2 0.7783203125 0.2607421875 0.251953125 0.21875
2 0.337890625 0.2119140625 0.283203125 0.25390625
2 0.5458984375 0.271484375 0.3359375 0.31640625
2 0.125 0.2421875 0.197265625 0.24609375
2 0.81640625 0.46875 0.3671875 0.34375