2 0.2880859375 0.49609375 0.30078125 0.2734375
2 0.5517578125 0.5380859375 0.333984375 0.3046875
2 0.1171875 0.6064453125 0.234375 0.306640625
2 0.3291015625 0.708984375 0.4375 0.328125
2 0.7060546875 0.833984375 0.44140625 0.33203125
2 0.095703125 0.1552734375 0.19140625 0.244140625
2 0.6962890625 0.189453125 0.228515625 0.189453125
2 0.2607421875 0.2724609375 0.2578125 0.220703125
2 0.4765625 0.267578125 0.30078125 0.27734375
2 0.07421875 0.36328125 0.1484375 0.2265625
2 0.8056640625 0.3740234375 0.35546875 0.298828125