2 0.7109375 0.4814453125 0.2841796875 0.25390625
2 0.451171875 0.5419921875 0.3154296875 0.283203125
2 0.890625 0.5791015625 0.2177734375 0.2919921875
2 0.6845703125 0.6962890625 0.41796875 0.2998046875
2 0.3173828125 0.84765625 0.421875 0.3037109375
2 0.8955078125 0.126953125 0.208984375 0.2294921875
2 0.2822265625 0.2041015625 0.2177734375 0.1748046875
2 0.72265625 0.255859375 0.244140625 0.2041015625
2 0.5068359375 0.2666015625 0.2841796875 0.2587890625
2 0.923828125 0.3330078125 0.15234375 0.216796875
2 0.1865234375 0.3955078125 0.337890625 0.275390625