4 0.787109375 0.3935546875 0.15234375 0.244140625
4 0.3056640625 0.3857421875 0.107421875 0.177734375
4 0.14453125 0.4423828125 0.123046875 0.171875
4 0.5224609375 0.556640625 0.123046875 0.20703125
4 0.87109375 0.615234375 0.12890625 0.201171875
4 0.0654296875 0.568359375 0.07421875 0.13671875
4 0.6181640625 0.630859375 0.1484375 0.3046875
4 0.16015625 0.7734375 0.125 0.22265625
4 0.404296875 0.1669921875 0.080078125 0.126953125
4 0.15234375 0.1796875 0.115234375 0.19140625
4 0.9326171875 0.2685546875 0.076171875 0.130859375
4 0.541015625 0.28125 0.125 0.216796875