4 0.2255859375 0.3642578125 0.1279296875 0.232421875
4 0.705078125 0.40625 0.08984375 0.1689453125
4 0.859375 0.4794921875 0.1064453125 0.162109375
4 0.4716796875 0.5537109375 0.103515625 0.197265625
4 0.119140625 0.576171875 0.1103515625 0.19140625
4 0.9248046875 0.61328125 0.0615234375 0.130859375
4 0.369140625 0.6181640625 0.1181640625 0.29296875
4 0.8095703125 0.8076171875 0.103515625 0.212890625
4 0.6298828125 0.1787109375 0.068359375 0.12109375
4 0.87890625 0.2177734375 0.09765625 0.181640625
4 0.09375 0.224609375 0.064453125 0.1240234375
4 0.482421875 0.2783203125 0.103515625 0.20703125