4 0.509765625 0.4228515625 0.068359375 0.1044921875
4 0.921875 0.43359375 0.1064453125 0.158203125
4 0.4482421875 0.4375 0.0654296875 0.1083984375
4 0.0888671875 0.4580078125 0.078125 0.1162109375
4 0.806640625 0.4599609375 0.1123046875 0.154296875
4 0.3544921875 0.53125 0.0654296875 0.095703125
4 0.224609375 0.6083984375 0.087890625 0.1162109375
4 0.3388671875 0.6474609375 0.072265625 0.1044921875
4 0.302734375 0.373046875 0.0625 0.1123046875
4 0.240234375 0.3974609375 0.0810546875 0.1044921875
4 0.6484375 0.400390625 0.1220703125 0.1748046875
4 0.349609375 0.40625 0.056640625 0.095703125