4 0.5146484375 0.423828125 0.076171875 0.109375
4 0.92578125 0.462890625 0.1171875 0.166015625
4 0.453125 0.43359375 0.072265625 0.11328125
4 0.0927734375 0.4296875 0.0859375 0.12109375
4 0.80859375 0.4814453125 0.123046875 0.162109375
4 0.3525390625 0.521484375 0.072265625 0.099609375
4 0.2177734375 0.5888671875 0.095703125 0.12109375
4 0.3291015625 0.6357421875 0.080078125 0.109375
4 0.3125 0.359375 0.0703125 0.1171875
4 0.248046875 0.3798828125 0.087890625 0.109375
4 0.6552734375 0.4111328125 0.134765625 0.18359375
4 0.3564453125 0.3955078125 0.0625 0.099609375