4 0.4951171875 0.4228515625 0.087890625 0.115234375
4 0.9013671875 0.3544921875 0.134765625 0.17578125
4 0.4375 0.4482421875 0.083984375 0.119140625
4 0.0888671875 0.537109375 0.099609375 0.12890625
4 0.79296875 0.40234375 0.140625 0.173828125
4 0.36328125 0.55859375 0.08203125 0.10546875
4 0.25 0.6591796875 0.109375 0.130859375
4 0.3701171875 0.67578125 0.091796875 0.1171875
4 0.2822265625 0.4130859375 0.08203125 0.123046875
4 0.2255859375 0.44921875 0.099609375 0.1171875
4 0.626953125 0.3740234375 0.15234375 0.1953125
4 0.3349609375 0.4365234375 0.07421875 0.10546875