3 0.4287109375 0.2939453125 0.05859375 0.0703125
3 0.0771484375 0.2353515625 0.0546875 0.087890625
3 0.1484375 0.25390625 0.05859375 0.087890625
3 0.21875 0.2900390625 0.05859375 0.083984375
3 0.3505859375 0.3173828125 0.052734375 0.076171875
3 0.69140625 0.3798828125 0.05078125 0.0703125
3 0.3935546875 0.333984375 0.05859375 0.076171875
3 0.46875 0.3486328125 0.064453125 0.07421875
3 0.8818359375 0.421875 0.0546875 0.072265625
3 0.7705078125 0.416015625 0.068359375 0.08984375
3 0.6083984375 0.404296875 0.07421875 0.09375
3 0.5234375 0.4091796875 0.095703125 0.123046875
3 0.1494140625 0.3447265625 0.080078125 0.10546875
3 0.8076171875 0.4638671875 0.06640625 0.0859375
3 0.7060546875 0.4775390625 0.076171875 0.103515625
3 0.912109375 0.5439453125 0.1328125 0.138671875
3 0.6240234375 0.5078125 0.12890625 0.18359375
3 0.3046875 0.48828125 0.15625 0.212890625
3 0.0869140625 0.466796875 0.1328125 0.193359375
3 0.4453125 0.626953125 0.1640625 0.1953125
3 0.8291015625 0.7177734375 0.330078125 0.384765625
3 0.408203125 0.837890625 0.375 0.32421875
3 0.72265625 0.314453125 0.0390625 0.05859375