3 0.6259765625 0.3212890625 0.0546875 0.068359375
3 0.9765625 0.361328125 0.046875 0.0859375
3 0.9052734375 0.3603515625 0.0546875 0.0859375
3 0.828125 0.375 0.0546875 0.08203125
3 0.6943359375 0.365234375 0.048828125 0.07421875
3 0.3486328125 0.33203125 0.046875 0.06640625
3 0.6484375 0.3701171875 0.0546875 0.07421875
3 0.5712890625 0.36328125 0.060546875 0.072265625
3 0.154296875 0.3193359375 0.05078125 0.0703125
3 0.2626953125 0.3447265625 0.064453125 0.087890625
3 0.4228515625 0.3779296875 0.068359375 0.08984375
3 0.5029296875 0.40625 0.08984375 0.119140625
3 0.8798828125 0.447265625 0.07421875 0.103515625
3 0.2138671875 0.380859375 0.0625 0.083984375
3 0.3076171875 0.421875 0.0703125 0.099609375
3 0.091796875 0.4287109375 0.126953125 0.1328125
3 0.37890625 0.4736328125 0.119140625 0.177734375
3 0.69140625 0.54296875 0.14453125 0.205078125
3 0.90625 0.58203125 0.12109375 0.189453125
3 0.517578125 0.6376953125 0.15234375 0.1875
3 0.138671875 0.6181640625 0.27734375 0.369140625
3 0.4912109375 0.8486328125 0.357421875 0.302734375
3 0.337890625 0.259765625 0.03515625 0.056640625