3 0.3935546875 0.3095703125 0.0478515625 0.0634765625
3 0.037109375 0.3125 0.0419921875 0.08203125
3 0.111328125 0.318359375 0.0458984375 0.08203125
3 0.1865234375 0.341796875 0.0458984375 0.078125
3 0.3212890625 0.345703125 0.0419921875 0.0693359375
3 0.66796875 0.3486328125 0.0400390625 0.0634765625
3 0.3662109375 0.35546875 0.0478515625 0.0693359375
3 0.443359375 0.3564453125 0.0537109375 0.06640625
3 0.8623046875 0.3564453125 0.0439453125 0.06640625
3 0.751953125 0.3701171875 0.0556640625 0.08203125
3 0.58984375 0.38671875 0.0595703125 0.0849609375
3 0.5068359375 0.40625 0.078125 0.111328125
3 0.1279296875 0.408203125 0.064453125 0.0966796875
3 0.796875 0.4111328125 0.0537109375 0.078125
3 0.69921875 0.4423828125 0.0615234375 0.09375
3 0.9130859375 0.4716796875 0.1142578125 0.12109375
3 0.623046875 0.486328125 0.1015625 0.1689453125
3 0.3056640625 0.5224609375 0.1240234375 0.193359375
3 0.087890625 0.5390625 0.103515625 0.1787109375
3 0.4677734375 0.634765625 0.1357421875 0.1748046875
3 0.8623046875 0.6572265625 0.275390625 0.341796875
3 0.470703125 0.8564453125 0.330078125 0.287109375
3 0.6865234375 0.2783203125 0.0302734375 0.0546875