1 0.6123046875 0.5302734375 0.14453125 0.130859375
1 0.7314453125 0.568359375 0.16015625 0.134765625
1 0.1435546875 0.4375 0.154296875 0.12890625
1 0.41796875 0.6552734375 0.26171875 0.216796875
1 0.0869140625 0.650390625 0.13671875 0.125
1 0.2421875 0.7041015625 0.173828125 0.130859375
1 0.2138671875 0.7998046875 0.21484375 0.169921875
1 0.03125 0.806640625 0.0625 0.171875
1 0.328125 0.92578125 0.2734375 0.1484375
1 0.453125 0.103515625 0.23828125 0.162109375
1 0.9189453125 0.4130859375 0.107421875 0.083984375
1 0.640625 0.345703125 0.146484375 0.09765625
1 0.3564453125 0.3046875 0.224609375 0.193359375
1 0.9462890625 0.48828125 0.107421875 0.083984375