1 0.3837890625 0.501953125 0.1220703125 0.1044921875
1 0.2587890625 0.5107421875 0.138671875 0.1044921875
1 0.861328125 0.525390625 0.1337890625 0.099609375
1 0.5419921875 0.6708984375 0.2275390625 0.1669921875
1 0.8642578125 0.74609375 0.1162109375 0.099609375
1 0.7001953125 0.7607421875 0.1552734375 0.095703125
1 0.705078125 0.8603515625 0.1884765625 0.12890625
1 0.9306640625 0.9248046875 0.138671875 0.1416015625
1 0.5634765625 0.9560546875 0.2607421875 0.087890625
1 0.6416015625 0.126953125 0.216796875 0.1123046875
1 0.1142578125 0.314453125 0.0947265625 0.0625
1 0.400390625 0.31640625 0.1337890625 0.06640625
1 0.6865234375 0.345703125 0.1943359375 0.150390625
1 0.0693359375 0.380859375 0.0947265625 0.0625