1 0.3837890625 0.5078125 0.126953125 0.111328125
1 0.259765625 0.5234375 0.14453125 0.111328125
1 0.8623046875 0.5068359375 0.138671875 0.107421875
1 0.55078125 0.6689453125 0.236328125 0.177734375
1 0.876953125 0.7265625 0.12109375 0.10546875
1 0.7138671875 0.75 0.16015625 0.103515625
1 0.7236328125 0.849609375 0.1953125 0.138671875
1 0.939453125 0.900390625 0.12109375 0.1484375
1 0.5859375 0.9501953125 0.265625 0.099609375
1 0.6220703125 0.1201171875 0.22265625 0.123046875
1 0.10546875 0.3349609375 0.09765625 0.06640625
1 0.390625 0.322265625 0.13671875 0.07421875
1 0.677734375 0.3359375 0.201171875 0.16015625
1 0.0634765625 0.4033203125 0.09765625 0.06640625