4 0.2822265625 0.30078125 0.107421875 0.15625
4 0.5185546875 0.3642578125 0.08984375 0.123046875
4 0.3974609375 0.3603515625 0.130859375 0.173828125
4 0.8203125 0.4755859375 0.078125 0.123046875
4 0.3193359375 0.5556640625 0.091796875 0.1484375
4 0.177734375 0.548828125 0.103515625 0.173828125
4 0.58984375 0.6201171875 0.119140625 0.166015625
4 0.890625 0.666015625 0.103515625 0.158203125
4 0.591796875 0.2919921875 0.095703125 0.16015625
4 0.775390625 0.3232421875 0.099609375 0.15625
4 0.681640625 0.318359375 0.099609375 0.158203125