4 0.7314453125 0.31640625 0.09765625 0.1484375
4 0.4912109375 0.36328125 0.08203125 0.1171875
4 0.6123046875 0.3681640625 0.12109375 0.1640625
4 0.1826171875 0.453125 0.0703125 0.1171875
4 0.6767578125 0.568359375 0.08203125 0.142578125
4 0.818359375 0.5712890625 0.091796875 0.16796875
4 0.40234375 0.61328125 0.109375 0.158203125
4 0.0986328125 0.638671875 0.09375 0.15234375
4 0.4228515625 0.2861328125 0.0859375 0.15625
4 0.2373046875 0.3046875 0.08984375 0.1484375
4 0.3310546875 0.3056640625 0.08984375 0.15234375