4 0.2685546875 0.31640625 0.09765625 0.1494140625
4 0.5087890625 0.36328125 0.08203125 0.1181640625
4 0.3876953125 0.3681640625 0.1201171875 0.1650390625
4 0.8173828125 0.453125 0.0703125 0.1181640625
4 0.3232421875 0.568359375 0.08203125 0.142578125
4 0.181640625 0.5712890625 0.091796875 0.16796875
4 0.59765625 0.61328125 0.1083984375 0.158203125
4 0.9013671875 0.638671875 0.09375 0.15234375
4 0.5771484375 0.2861328125 0.0859375 0.1552734375
4 0.7626953125 0.3046875 0.08984375 0.1494140625
4 0.6689453125 0.3056640625 0.08984375 0.15234375