3 0.537109375 0.2880859375 0.072265625 0.10546875
3 0.9267578125 0.203125 0.041015625 0.064453125
3 0.3525390625 0.3466796875 0.09375 0.1171875
3 0.1767578125 0.396484375 0.0625 0.08203125
3 0.419921875 0.361328125 0.078125 0.10546875
3 0.7822265625 0.3134765625 0.109375 0.125
3 0.1923828125 0.5107421875 0.13671875 0.1796875
3 0.341796875 0.4814453125 0.140625 0.158203125
3 0.732421875 0.4189453125 0.103515625 0.119140625
3 0.65234375 0.4482421875 0.115234375 0.138671875
3 0.8203125 0.4111328125 0.1015625 0.115234375
3 0.125 0.5859375 0.140625 0.193359375
3 0.283203125 0.5693359375 0.09765625 0.125
3 0.587890625 0.556640625 0.13671875 0.16015625
3 0.5517578125 0.6142578125 0.111328125 0.140625
3 0.8583984375 0.59765625 0.171875 0.20703125
3 0.4609375 0.2470703125 0.072265625 0.091796875
3 0.71484375 0.2265625 0.0625 0.078125
3 0.5849609375 0.2685546875 0.0703125 0.095703125
3 0.26953125 0.3466796875 0.078125 0.12109375