3 0.376953125 0.32421875 0.06640625 0.103515625
3 0.568359375 0.298828125 0.087890625 0.11328125
3 0.75 0.26953125 0.05859375 0.080078125
3 0.513671875 0.33984375 0.072265625 0.10546875
3 0.1650390625 0.451171875 0.10546875 0.123046875
3 0.783203125 0.3798828125 0.130859375 0.17578125
3 0.6357421875 0.416015625 0.134765625 0.154296875
3 0.2548828125 0.5244140625 0.099609375 0.1171875
3 0.33984375 0.517578125 0.109375 0.134765625
3 0.1728515625 0.5546875 0.09765625 0.111328125
3 0.8759765625 0.4189453125 0.1328125 0.189453125
3 0.7265625 0.470703125 0.091796875 0.123046875
3 0.4443359375 0.587890625 0.130859375 0.15625
3 0.5009765625 0.625 0.10546875 0.13671875
3 0.216796875 0.740234375 0.1640625 0.203125
3 0.4287109375 0.25390625 0.068359375 0.08984375
3 0.1904296875 0.34375 0.060546875 0.078125
3 0.3251953125 0.326171875 0.06640625 0.095703125
3 0.64453125 0.263671875 0.07421875 0.119140625