3 0.5869140625 0.3037109375 0.0498046875 0.095703125
3 0.986328125 0.3154296875 0.02734375 0.060546875
3 0.39453125 0.3154296875 0.0703125 0.1025390625
3 0.2109375 0.3212890625 0.0458984375 0.072265625
3 0.4560546875 0.345703125 0.0556640625 0.095703125
3 0.8193359375 0.3876953125 0.0859375 0.1083984375
3 0.19921875 0.4365234375 0.1015625 0.1591796875
3 0.3505859375 0.443359375 0.1103515625 0.134765625
3 0.7451171875 0.4775390625 0.08203125 0.1025390625
3 0.66015625 0.486328125 0.087890625 0.1201171875
3 0.83203125 0.4912109375 0.080078125 0.0986328125
3 0.115234375 0.4921875 0.1015625 0.173828125
3 0.2724609375 0.5146484375 0.072265625 0.111328125
3 0.5712890625 0.576171875 0.1064453125 0.1376953125
3 0.5224609375 0.623046875 0.083984375 0.123046875
3 0.82421875 0.681640625 0.1318359375 0.1806640625
3 0.5234375 0.2451171875 0.0537109375 0.0810546875
3 0.7744140625 0.287109375 0.0478515625 0.0693359375
3 0.638671875 0.2958984375 0.0498046875 0.0869140625
3 0.3134765625 0.2958984375 0.0537109375 0.111328125