4 0.42578125 0.296875 0.087890625 0.10546875
4 0.5185546875 0.3408203125 0.08203125 0.099609375
4 0.3974609375 0.396484375 0.087890625 0.111328125
4 0.7509765625 0.44140625 0.087890625 0.126953125
4 0.87109375 0.46875 0.07421875 0.099609375
4 0.59765625 0.4501953125 0.095703125 0.123046875
4 0.1025390625 0.431640625 0.095703125 0.13671875
4 0.78125 0.5302734375 0.064453125 0.0859375
4 0.2548828125 0.4921875 0.12109375 0.13671875
4 0.0322265625 0.4921875 0.064453125 0.09765625
4 0.888671875 0.576171875 0.083984375 0.10546875
4 0.541015625 0.564453125 0.12109375 0.173828125
4 0.3798828125 0.615234375 0.109375 0.140625
4 0.470703125 0.685546875 0.125 0.14453125
4 0.708984375 0.7568359375 0.0859375 0.115234375
4 0.869140625 0.263671875 0.0703125 0.1015625
4 0.5869140625 0.3046875 0.052734375 0.072265625