4 0.3916015625 0.3125 0.087890625 0.10546875
4 0.4912109375 0.33984375 0.08203125 0.099609375
4 0.380859375 0.416015625 0.087890625 0.111328125
4 0.7373046875 0.3984375 0.087890625 0.126953125
4 0.8603515625 0.404296875 0.07421875 0.099609375
4 0.5869140625 0.43359375 0.095703125 0.123046875
4 0.0966796875 0.501953125 0.095703125 0.13671875
4 0.7822265625 0.4814453125 0.064453125 0.0859375
4 0.2568359375 0.53515625 0.12109375 0.13671875
4 0.0380859375 0.57421875 0.06640625 0.09765625
4 0.8955078125 0.5078125 0.083984375 0.10546875
4 0.5517578125 0.556640625 0.12109375 0.173828125
4 0.40234375 0.6337890625 0.109375 0.140625
4 0.50390625 0.6875 0.125 0.14453125
4 0.75 0.716796875 0.0859375 0.115234375
4 0.822265625 0.203125 0.0703125 0.1015625
4 0.5517578125 0.29296875 0.052734375 0.072265625