4 0.591796875 0.3037109375 0.080078125 0.099609375
4 0.4951171875 0.33984375 0.07421875 0.09375
4 0.611328125 0.40625 0.078125 0.10546875
4 0.2548828125 0.419921875 0.078125 0.12109375
4 0.1328125 0.4365234375 0.06640625 0.09375
4 0.4072265625 0.44140625 0.0859375 0.115234375
4 0.90234375 0.466796875 0.083984375 0.1298828125
4 0.216796875 0.505859375 0.0576171875 0.08203125
4 0.7451171875 0.513671875 0.1103515625 0.126953125
4 0.966796875 0.533203125 0.0576171875 0.09375
4 0.1064453125 0.5419921875 0.076171875 0.099609375
4 0.453125 0.560546875 0.1064453125 0.166015625
4 0.609375 0.625 0.09765625 0.1328125
4 0.5126953125 0.6875 0.1142578125 0.1357421875
4 0.26953125 0.7373046875 0.076171875 0.1083984375
4 0.1533203125 0.232421875 0.0615234375 0.0966796875
4 0.4306640625 0.2978515625 0.0458984375 0.0693359375