1 0.4453125 0.4560546875 0.0595703125 0.0537109375
1 0.953125 0.46484375 0.09375 0.095703125
1 0.2578125 0.4892578125 0.134765625 0.0625
1 0.951171875 0.6982421875 0.0966796875 0.12109375
1 0.322265625 0.72265625 0.09375 0.0791015625
1 0.400390625 0.15625 0.2060546875 0.1376953125
1 0.6953125 0.2275390625 0.0908203125 0.0625
1 0.3515625 0.287109375 0.1904296875 0.099609375
1 0.65625 0.2998046875 0.1748046875 0.05859375
1 0.5078125 0.3916015625 0.0908203125 0.06640625
1 0.599609375 0.3974609375 0.087890625 0.0458984375