1 0.552734375 0.453125 0.0625 0.056640625
1 0.046875 0.4873046875 0.09375 0.099609375
1 0.7412109375 0.4765625 0.138671875 0.0703125
1 0.0595703125 0.7216796875 0.103515625 0.126953125
1 0.689453125 0.712890625 0.09765625 0.083984375
1 0.5810546875 0.1513671875 0.212890625 0.1484375
1 0.291015625 0.23828125 0.09375 0.06640625
1 0.63671875 0.279296875 0.1953125 0.109375
1 0.3330078125 0.30859375 0.177734375 0.068359375
1 0.486328125 0.392578125 0.09375 0.0703125
1 0.3955078125 0.40234375 0.08984375 0.05078125