1 0.541015625 0.443359375 0.072265625 0.06640625
1 0.0546875 0.58203125 0.109375 0.1171875
1 0.7314453125 0.4267578125 0.146484375 0.095703125
1 0.115234375 0.80859375 0.125 0.142578125
1 0.7294921875 0.6689453125 0.111328125 0.1015625
1 0.5068359375 0.142578125 0.234375 0.185546875
1 0.2412109375 0.287109375 0.103515625 0.083984375
1 0.587890625 0.255859375 0.208984375 0.14453125
1 0.296875 0.3466796875 0.18359375 0.1015625
1 0.46484375 0.3974609375 0.10546875 0.087890625
1 0.376953125 0.4267578125 0.09765625 0.06640625