4 0.650390625 0.4208984375 0.087890625 0.150390625
4 0.197265625 0.439453125 0.087890625 0.1376953125
4 0.34375 0.501953125 0.1689453125 0.24609375
4 0.5595703125 0.501953125 0.099609375 0.1708984375
4 0.4658203125 0.5107421875 0.0751953125 0.12890625
4 0.7216796875 0.6044921875 0.125 0.216796875
4 0.4091796875 0.0810546875 0.0810546875 0.1044921875
4 0.857421875 0.125 0.103515625 0.18359375
4 0.646484375 0.1416015625 0.068359375 0.1083984375
4 0.53125 0.1474609375 0.087890625 0.12109375
4 0.765625 0.1962890625 0.0810546875 0.1083984375
4 0.3017578125 0.2041015625 0.0966796875 0.150390625
4 0.65625 0.2724609375 0.0810546875 0.1123046875
4 0.552734375 0.3271484375 0.0751953125 0.1123046875
4 0.515625 0.412109375 0.09375 0.1416015625