4 0.3486328125 0.423828125 0.08984375 0.15234375
4 0.8017578125 0.4345703125 0.08984375 0.138671875
4 0.65625 0.4990234375 0.173828125 0.248046875
4 0.4404296875 0.5029296875 0.103515625 0.171875
4 0.5341796875 0.509765625 0.078125 0.130859375
4 0.2802734375 0.6083984375 0.12890625 0.21875
4 0.5830078125 0.0791015625 0.08203125 0.10546875
4 0.1357421875 0.130859375 0.107421875 0.185546875
4 0.34765625 0.14453125 0.0703125 0.109375
4 0.462890625 0.1484375 0.08984375 0.123046875
4 0.2294921875 0.201171875 0.08203125 0.109375
4 0.693359375 0.201171875 0.099609375 0.15234375
4 0.33984375 0.275390625 0.08203125 0.11328125
4 0.4443359375 0.328125 0.076171875 0.11328125
4 0.482421875 0.412109375 0.095703125 0.142578125