4 0.3623046875 0.400390625 0.107421875 0.162109375
4 0.80859375 0.482421875 0.10546875 0.1484375
4 0.654296875 0.5234375 0.201171875 0.267578125
4 0.4404296875 0.4931640625 0.123046875 0.18359375
4 0.5322265625 0.515625 0.091796875 0.138671875
4 0.265625 0.572265625 0.154296875 0.232421875
4 0.6484375 0.09765625 0.095703125 0.115234375
4 0.197265625 0.087890625 0.12890625 0.17578125
4 0.4052734375 0.125 0.08203125 0.1171875
4 0.5185546875 0.146484375 0.103515625 0.1328125
4 0.279296875 0.162109375 0.095703125 0.119140625
4 0.7373046875 0.234375 0.1171875 0.162109375
4 0.376953125 0.2529296875 0.095703125 0.123046875
4 0.4716796875 0.3212890625 0.08984375 0.12109375
4 0.4970703125 0.4111328125 0.11328125 0.15234375