4 0.4931640625 0.3134765625 0.0625 0.0859375
4 0.759765625 0.2978515625 0.06640625 0.103515625
4 0.421875 0.3642578125 0.078125 0.119140625
4 0.83203125 0.3251953125 0.064453125 0.09375
4 0.1669921875 0.4443359375 0.068359375 0.103515625
4 0.5205078125 0.3994140625 0.07421875 0.1015625
4 0.583984375 0.3916015625 0.06640625 0.09765625
4 0.3994140625 0.4462890625 0.068359375 0.109375
4 0.7880859375 0.404296875 0.0703125 0.09765625
4 0.7119140625 0.4208984375 0.078125 0.111328125
4 0.4892578125 0.470703125 0.06640625 0.091796875
4 0.6171875 0.4736328125 0.078125 0.09765625
4 0.373046875 0.5439453125 0.0546875 0.087890625
4 0.845703125 0.4765625 0.06640625 0.080078125
4 0.6787109375 0.2646484375 0.064453125 0.09375