4 0.556640625 0.322265625 0.0625 0.0859375
4 0.8134765625 0.3984375 0.06640625 0.103515625
4 0.47265625 0.345703125 0.078125 0.119140625
4 0.8720703125 0.44921875 0.064453125 0.09375
4 0.2060546875 0.333984375 0.068359375 0.103515625
4 0.5537109375 0.412109375 0.07421875 0.1015625
4 0.6162109375 0.4267578125 0.06640625 0.09765625
4 0.423828125 0.4150390625 0.068359375 0.109375
4 0.802734375 0.5087890625 0.0703125 0.09765625
4 0.7265625 0.498046875 0.078125 0.111328125
4 0.5 0.4677734375 0.06640625 0.091796875
4 0.619140625 0.5146484375 0.078125 0.09765625
4 0.365234375 0.498046875 0.0546875 0.087890625
4 0.8330078125 0.5966796875 0.06640625 0.080078125
4 0.748046875 0.33984375 0.064453125 0.09375