4 0.474609375 0.3154296875 0.0498046875 0.078125
4 0.208984375 0.345703125 0.0498046875 0.095703125
4 0.5537109375 0.3525390625 0.0595703125 0.111328125
4 0.142578125 0.3857421875 0.0498046875 0.0869140625
4 0.818359375 0.3876953125 0.0517578125 0.095703125
4 0.4619140625 0.404296875 0.0595703125 0.0927734375
4 0.3984375 0.408203125 0.0517578125 0.08984375
4 0.58984375 0.4296875 0.0517578125 0.1025390625
4 0.2001953125 0.4560546875 0.0556640625 0.08984375
4 0.27734375 0.458984375 0.0615234375 0.1025390625
4 0.505859375 0.46875 0.0517578125 0.083984375
4 0.3798828125 0.494140625 0.064453125 0.0869140625
4 0.6328125 0.521484375 0.0419921875 0.0810546875
4 0.1552734375 0.537109375 0.0537109375 0.072265625
4 0.283203125 0.298828125 0.0498046875 0.0869140625