4 0.234375 0.40234375 0.154296875 0.236328125
4 0.544921875 0.3525390625 0.236328125 0.330078125
4 0.6728515625 0.337890625 0.228515625 0.341796875
4 0.408203125 0.4375 0.15625 0.279296875
4 0.1884765625 0.5390625 0.189453125 0.30859375
4 0.859375 0.42578125 0.216796875 0.318359375
4 0.3251953125 0.578125 0.279296875 0.388671875
4 0.6240234375 0.5810546875 0.30859375 0.4296875
4 0.0830078125 0.73828125 0.16015625 0.36328125
4 0.9375 0.5546875 0.125 0.33984375
4 0.8203125 0.6787109375 0.30078125 0.435546875
4 0.4365234375 0.796875 0.353515625 0.40625
4 0.2939453125 0.8466796875 0.263671875 0.306640625
4 0.1787109375 0.91796875 0.201171875 0.1640625
4 0.361328125 0.2119140625 0.19140625 0.271484375
4 0.0458984375 0.3408203125 0.091796875 0.287109375
4 0.763671875 0.169921875 0.21484375 0.294921875