4 0.734375 0.3408203125 0.103515625 0.21875
4 0.4208984375 0.3681640625 0.169921875 0.296875
4 0.29296875 0.384765625 0.158203125 0.3125
4 0.57421875 0.4169921875 0.095703125 0.2646484375
4 0.8115234375 0.462890625 0.1240234375 0.2880859375
4 0.1328125 0.5146484375 0.150390625 0.291015625
4 0.6884765625 0.533203125 0.2001953125 0.3515625
4 0.3994140625 0.6083984375 0.2216796875 0.3876953125
4 0.9619140625 0.630859375 0.076171875 0.3544921875
4 0.0576171875 0.66796875 0.1123046875 0.3212890625
4 0.232421875 0.7509765625 0.2119140625 0.396484375
4 0.6396484375 0.796875 0.263671875 0.4052734375
4 0.7919921875 0.8251953125 0.185546875 0.349609375
4 0.92578125 0.8798828125 0.1484375 0.240234375
4 0.564453125 0.1865234375 0.1357421875 0.24609375
4 0.9423828125 0.2255859375 0.115234375 0.267578125
4 0.1640625 0.2431640625 0.15625 0.2646484375