4 0.7607421875 0.388671875 0.142578125 0.234375
4 0.447265625 0.35546875 0.22265625 0.32421875
4 0.318359375 0.34765625 0.21484375 0.337890625
4 0.5888671875 0.4326171875 0.14453125 0.27734375
4 0.8125 0.5234375 0.17578125 0.306640625
4 0.13671875 0.4443359375 0.203125 0.314453125
4 0.6787109375 0.568359375 0.263671875 0.3828125
4 0.380859375 0.5869140625 0.291015625 0.423828125
4 0.9287109375 0.716796875 0.142578125 0.36328125
4 0.0595703125 0.580078125 0.119140625 0.3359375
4 0.189453125 0.6953125 0.283203125 0.4296875
4 0.580078125 0.796875 0.3359375 0.40625
4 0.7236328125 0.8427734375 0.248046875 0.314453125
4 0.845703125 0.9111328125 0.19140625 0.177734375
4 0.623046875 0.2041015625 0.1796875 0.267578125
4 0.9521484375 0.314453125 0.095703125 0.28515625
4 0.2197265625 0.18359375 0.203125 0.2890625