0 0.9306640625 0.5224609375 0.138671875 0.099609375
0 0.693359375 0.544921875 0.181640625 0.1328125
0 0.537109375 0.58984375 0.1376953125 0.1181640625
0 0.861328125 0.7158203125 0.140625 0.11328125
0 0.373046875 0.720703125 0.1279296875 0.0849609375
0 0.5986328125 0.8291015625 0.1279296875 0.0947265625
0 0.3447265625 0.9638671875 0.123046875 0.072265625
0 0.2060546875 0.109375 0.1376953125 0.11328125
0 0.451171875 0.279296875 0.115234375 0.0849609375
0 0.8935546875 0.3056640625 0.15625 0.109375
0 0.291015625 0.3173828125 0.1123046875 0.0849609375
0 0.7373046875 0.412109375 0.15625 0.076171875
0 0.111328125 0.4501953125 0.1591796875 0.0947265625
0 0.5595703125 0.4501953125 0.0498046875 0.076171875