0 0.0693359375 0.5224609375 0.138671875 0.099609375
0 0.306640625 0.544921875 0.181640625 0.1328125
0 0.462890625 0.58984375 0.13671875 0.1171875
0 0.138671875 0.7158203125 0.140625 0.11328125
0 0.626953125 0.720703125 0.12890625 0.0859375
0 0.4013671875 0.8291015625 0.12890625 0.09375
0 0.6552734375 0.9638671875 0.123046875 0.072265625
0 0.7939453125 0.109375 0.13671875 0.11328125
0 0.548828125 0.279296875 0.115234375 0.0859375
0 0.1064453125 0.3056640625 0.15625 0.109375
0 0.708984375 0.3173828125 0.11328125 0.0859375
0 0.2626953125 0.412109375 0.15625 0.076171875
0 0.888671875 0.4501953125 0.16015625 0.09375
0 0.4404296875 0.4501953125 0.05078125 0.076171875