0 0.0693359375 0.529296875 0.138671875 0.1015625
0 0.3076171875 0.5478515625 0.18359375 0.13671875
0 0.46484375 0.5908203125 0.140625 0.12109375
0 0.142578125 0.7216796875 0.142578125 0.115234375
0 0.630859375 0.71875 0.12890625 0.087890625
0 0.4072265625 0.8310546875 0.12890625 0.09765625
0 0.6630859375 0.9609375 0.125 0.07421875
0 0.787109375 0.1044921875 0.140625 0.115234375
0 0.544921875 0.2783203125 0.1171875 0.087890625
0 0.103515625 0.3125 0.158203125 0.111328125
0 0.7060546875 0.3134765625 0.11328125 0.0859375
0 0.2607421875 0.416015625 0.158203125 0.078125
0 0.8876953125 0.443359375 0.16015625 0.09765625
0 0.439453125 0.451171875 0.05078125 0.076171875