3 0.720703125 0.279296875 0.07421875 0.1015625
3 0.2314453125 0.345703125 0.07421875 0.083984375
3 0.92578125 0.2890625 0.083984375 0.11328125
3 0.6240234375 0.3408203125 0.07421875 0.095703125
3 0.05078125 0.4658203125 0.1015625 0.150390625
3 0.2021484375 0.455078125 0.09765625 0.158203125
3 0.787109375 0.3935546875 0.10546875 0.134765625
3 0.353515625 0.447265625 0.130859375 0.16796875
3 0.96875 0.443359375 0.0625 0.15234375
3 0.4794921875 0.5185546875 0.052734375 0.09375
3 0.7939453125 0.5029296875 0.087890625 0.119140625
3 0.9072265625 0.5166015625 0.11328125 0.16015625
3 0.244140625 0.6171875 0.1328125 0.158203125
3 0.4365234375 0.6669921875 0.080078125 0.09375
3 0.88671875 0.669921875 0.078125 0.12109375
3 0.33984375 0.732421875 0.158203125 0.228515625
3 0.9443359375 0.703125 0.099609375 0.15234375
3 0.169921875 0.7939453125 0.158203125 0.21484375
3 0.666015625 0.1865234375 0.046875 0.078125
3 0.5849609375 0.19921875 0.041015625 0.05078125
3 0.2744140625 0.2607421875 0.04296875 0.0546875
3 0.1611328125 0.3046875 0.046875 0.0703125
3 0.4853515625 0.27734375 0.0390625 0.060546875
3 0.6455078125 0.279296875 0.05859375 0.080078125