3 0.7421875 0.3037109375 0.064453125 0.095703125
3 0.2490234375 0.318359375 0.06640625 0.078125
3 0.9453125 0.3349609375 0.07421875 0.10546875
3 0.6396484375 0.3544921875 0.064453125 0.08984375
3 0.056640625 0.4189453125 0.08984375 0.1416015625
3 0.208984375 0.423828125 0.08203125 0.150390625
3 0.796875 0.423828125 0.09375 0.1259765625
3 0.359375 0.4326171875 0.1142578125 0.15625
3 0.9736328125 0.494140625 0.0517578125 0.1474609375
3 0.4775390625 0.5166015625 0.0439453125 0.08984375
3 0.7919921875 0.533203125 0.076171875 0.111328125
3 0.9033203125 0.55859375 0.09765625 0.150390625
3 0.2333984375 0.58984375 0.1181640625 0.1474609375
3 0.419921875 0.6591796875 0.072265625 0.0869140625
3 0.8671875 0.708984375 0.06640625 0.1142578125
3 0.31640625 0.71484375 0.1357421875 0.2158203125
3 0.9208984375 0.748046875 0.0859375 0.14453125
3 0.140625 0.7578125 0.1376953125 0.201171875
3 0.6982421875 0.2060546875 0.0400390625 0.0751953125
3 0.6162109375 0.2099609375 0.0361328125 0.0478515625
3 0.30078125 0.23828125 0.0380859375 0.05078125
3 0.18359375 0.2705078125 0.0400390625 0.06640625
3 0.5087890625 0.27734375 0.0341796875 0.056640625
3 0.66796875 0.2958984375 0.0517578125 0.0751953125