3 0.6875 0.2509765625 0.0859375 0.109375
3 0.212890625 0.384765625 0.083984375 0.091796875
3 0.892578125 0.232421875 0.09765625 0.12109375
3 0.6005859375 0.3251953125 0.083984375 0.103515625
3 0.0546875 0.5283203125 0.109375 0.158203125
3 0.19921875 0.49609375 0.115234375 0.166015625
3 0.76953125 0.3544921875 0.12109375 0.14453125
3 0.34765625 0.46875 0.1484375 0.1796875
3 0.95703125 0.37890625 0.0859375 0.15625
3 0.482421875 0.521484375 0.064453125 0.09765625
3 0.791015625 0.4619140625 0.1015625 0.126953125
3 0.9052734375 0.458984375 0.130859375 0.169921875
3 0.2626953125 0.6513671875 0.150390625 0.171875
3 0.4609375 0.673828125 0.091796875 0.1015625
3 0.9072265625 0.6142578125 0.091796875 0.126953125
3 0.3740234375 0.7529296875 0.18359375 0.2421875
3 0.9541015625 0.638671875 0.091796875 0.16015625
3 0.2138671875 0.8369140625 0.181640625 0.228515625
3 0.62109375 0.1669921875 0.056640625 0.08203125
3 0.54296875 0.1904296875 0.046875 0.0546875
3 0.2431640625 0.2939453125 0.048828125 0.05859375
3 0.1376953125 0.353515625 0.0546875 0.07421875
3 0.455078125 0.2822265625 0.046875 0.0625
3 0.61328125 0.26171875 0.068359375 0.0859375